 1    0.000   1.000   2.000   3.000   4.000   5.000   6.000   7.000   8.000   9.000
 1    0.250   0.450   0.500   0.450   0.250   0.100   0.200   0.000   0.150   0.150
          0       0       0       0       0       0       0       0       0       0
 1   10.000
 0    0.350
          0
 1   10.000
 0    1.000
          0
 1   10.000
 0    0.000
          0
 2    0.000   1.000   2.000   3.000   4.000   5.000   6.000   7.000   8.000   9.000
 1    0.260   0.460   0.510   0.460   0.260   0.110   0.210   0.010   0.160   0.160
          0       0       0       0       0       0       0       0       0       0
 2   10.000
 0    0.360
          0
 2    0.000   1.000   2.000   3.000   4.000   5.000   6.000   7.000   8.000   9.000
 1    2.000   2.000   2.000   2.000   2.000   2.000   2.000   2.000   2.000   2.000
          1       1       1       1       1       1       1       1       1       1
 2   10.000
 0    2.000
          1
 2   10.000
 0    0.000
          0
 3    0.000   1.000   2.000   3.000   4.000   5.000   6.000   7.000   8.000   9.000
 1    0.600   0.600   0.600   0.600   0.600   0.600   0.600   0.600   0.600   0.600
          1       1       1       1       1       1       1       1       1       1
 3   10.000
 0    0.600
          1
 3    0.000   1.000   2.000   3.000   4.000   5.000   6.000   7.000   8.000   9.000
 1    3.000   3.000   3.000   3.000   3.000   3.000   3.000   3.000   3.000   3.000
          1       1       1       1       1       1       1       1       1       1
 3   10.000
 0    3.000
          1
 3   10.000
 0    0.000
          0
 4   10.000
 0    1.000
