B  1
   0.00   0.25  0
   1.00   0.45  0
   2.00   0.50  0
   3.00   0.45  0
   4.00   0.25  0
   5.00   0.10  0
   6.00   0.20  0
   7.00   0.00  0
   8.00   0.15  0
   9.00   0.15  0
  10.00   0.35  0
B  2
   0.00   0.70  0
   1.00   0.60  0
   2.00   0.70  0
   3.00   0.65  0
   4.00   0.65  0
   5.00   0.55  0
   6.00   0.60  0
   7.00   0.50  0
   8.00   0.60  0
   9.00   0.65  0
  10.00   0.75  0
B  3
   0.00   1.80  1
   1.00   1.80  1
   2.00   1.80  1
   3.00   1.80  1
   4.00   1.80  1
   5.00   1.80  1
   6.00   1.80  1
   7.00   1.80  1
   8.00   1.80  1
   9.00   1.80  1
  10.00   1.80  1
B  4
   0.00   2.20  1
   1.00   2.20  1
   2.00   2.20  1
   3.00   2.20  1
   4.00   2.20  1
   5.00   2.20  1
   6.00   2.20  1
   7.00   2.20  1
   8.00   2.20  1
   9.00   2.20  1
  10.00   2.20  1
B  5
  10.00   3.00  0
V  1
   0.00   1.80  0   0.00  0
   1.00   1.90  0   0.00  0
   2.00   1.85  0   0.00  0
   3.00   2.00  0   0.00  0
   4.00   2.10  0   0.00  0
   5.00   1.95  0   0.00  0
   6.00   2.10  0   0.00  0
   7.00   2.30  0   0.00  0
   8.00   2.25  0   0.00  0
   9.00   2.50  0   0.00  0
  10.00   2.20  0   0.00  0
V  2
   0.00   3.00  0   0.00  0
   1.00   3.20  0   0.00  0
   2.00   3.30  0   0.00  0
   3.00   3.05  0   0.00  0
   4.00   2.90  0   0.00  0
   5.00   2.75  0   0.00  0
   6.00   2.50  0   0.00  0
   7.00   2.55  0   0.00  0
   8.00   2.75  0   0.00  0
   9.00   3.05  0   0.00  0
  10.00   3.20  0   0.00  0
V  3
   0.00   4.00  0   0.00  0
   1.00   4.25  0   0.00  0
   2.00   4.15  0   0.00  0
   3.00   4.05  0   0.00  0
   4.00   3.95  0   0.00  0
   5.00   3.60  0   0.00  0
   6.00   3.50  0   0.00  0
   7.00   3.80  0   0.00  0
   8.00   3.75  0   0.00  0
   9.00   4.10  0   0.00  0
  10.00   4.20  0   0.00  0
V  4
  10.00   5.00  0   0.00  0
