B  1
   0.00   0.40  0
  25.00   0.20  0
  50.00  -0.50  0
  75.00  -1.50  0
 100.00   0.20  0
 125.00   0.60  0
 150.00   1.50  0
155       1.2   0
 175.00   0.30  0
 200.00   1.00  0
 225.00   0.70  0
 250.00   0.00  0
 275.00   0.50  0
 300.00   0.50  0
B  2
 300.00  10.00  0
B  3
   0.00  25.00  1
 100.00  25.00  1
 200.00  25.00  1
 300.00  25.00  1
B  4
   0.00  34.00  1
 150.00  34.00  1
 300.00  34.00  1
B  5
   0.00  36.00 -1
 150.00  36.00 -1
 300.00  36.00 -1
B  6
 300.00  40.00  0
V  1
   0.00   4.90  1   5.40  1
 150.00   4.90  1   5.40  1
 300.00   4.90  1   5.40  1
V  2
   0.00   0.00  0   5.70  1
 150.00   0.00  0   5.70  1
 300.00   0.00  0   5.70  1
V  3
 300.00   6.40  1   6.73 -1
V  4
 300.00   7.50  0   0.00  0
V  5
 300.00   7.70  1   0.00  0
