  &pltpar  itxout=2, symht=0.,
           imod=1, iray=2, ibnd=0, 
  &end
  &axepar  xmax=10., xinch=13., ntickx=5,
           zmax=1.,  zinch=4.,  ntickz=2, ndeciz=1, 
           tmin=0., tmax=2., tinch=4., ntickt=2,  
  &end   
  &trapar  imodf=0, 
           ishot=1,2,2,2,2,2,2,2,2,2,-1,
           xshot=0.,1.,2.,3.,4.,5.,6.,7.,8.,9.,10.,
           ray=1.3,2.3, xsmax=3.,
           nsmax=25, 
           nray=1, hws=.1,
           ibsmth=1, npbnd=250, nbsmth=100,
  &end
  &invpar  invr=0,
           ivray=1,2,
  &end
      x/z    x/z    x/z    x/z    x/z    x/z    x/z    x/z    x/z    x/z
      x/vu   x/vu   x/vu   x/vu   x/vu   x/vu   x/vu   x/vu   x/vu   x/vu
      x/vl   x/vl   x/vl   x/vl   x/vl   x/vl   x/vl   x/vl   x/vl   x/vl
 1    0.00   1.00   2.00   3.00   4.00   5.00   6.00   7.00   8.00   9.00
 1    0.25   0.45   0.50   0.45   0.25   0.10   0.20   0.00   0.15   0.15
         0      0      0      0      0      0      0      0      0      0
 1   10.00
 0    0.35
         0
 1   10.00
 0    1.00
         0
 1   10.00
 0    0.00
         0
 2    0.00   1.00   2.00   3.00   4.00   5.00   6.00   7.00   8.00   9.00
 1    0.26   0.46   0.51   0.46   0.26   0.11   0.21   0.01   0.16   0.16
         0      0      0      0      0      0      0      0      0      0
 2   10.00
 0    0.36
         0
 2    0.00   1.00   2.00   3.00   4.00   5.00   6.00   7.00   8.00   9.00
 1    1.80   1.90   1.85   2.00   2.10   1.95   2.10   2.30   2.25   2.50
         0      0      0      0      0      0      0      0      0      0
 2   10.00
 0    2.20
         0
 2   10.00
 0    0.00
         0
 3    0.00   1.00   2.00   3.00   4.00   5.00   6.00   7.00   8.00   9.00
 1    0.70   0.60   0.70   0.65   0.65   0.55   0.60   0.50   0.60   0.65
         0      0      0      0      0      0      0      0      0      0
 3   10.00
 0    0.75
         0
 3    0.00   1.00   2.00   3.00   4.00   5.00   6.00   7.00   8.00   9.00
 1    3.00   3.20   3.30   3.05   2.90   2.75   2.50   2.55   2.75   3.05
         0      0      0      0      0      0      0      0      0      0
 3   10.00
 0    3.20
         0
 3   10.00
 0    0.00
         0
 4   10.00
 0    1.00
