  &pltpar  itxout=2, nrskip=10, symht=0.,
           imod=1, iray=2, ibnd=0, isum=0,
  &end
  &axepar  xmax=10., xinch=13., ntickx=5,
           zmax=3.,  zinch=4.,  ntickz=3,  
           tmin=0., tmax=3., tinch=4., ntickt=3,  
  &end   
  &trapar  imodf=0, 
           ishot=1,2,2,2,2,2,2,2,2,2,-1,
           xshot=0.01,1.01,2.01,3.01,4.01,5.01,
                 6.01,7.01,8.01,9.01,9.99,
           ray=2.2,3.2, xsmax=3.1,
           nsmax=25, 
           nray=100,  
           ibsmth=1, npbnd=250, nbsmth=100,
           aamax=89.9, iturn=0,0,
  &end
  &invpar  invr=0,
           ivray=1,2,
  &end
      x/z    x/z    x/z    x/z    x/z    x/z    x/z    x/z    x/z    x/z
      x/vu   x/vu   x/vu   x/vu   x/vu   x/vu   x/vu   x/vu   x/vu   x/vu
      x/vl   x/vl   x/vl   x/vl   x/vl   x/vl   x/vl   x/vl   x/vl   x/vl
 1    0.00   1.00   2.00   3.00   4.00   5.00   6.00   7.00   8.00   9.00
 1    0.25   0.45   0.50   0.45   0.25   0.10   0.20   0.00   0.15   0.15
         0      0      0      0      0      0      0      0      0      0
 1   10.00
 0    0.35
         0
 1    0.00   1.00   2.00   3.00   4.00   5.00   6.00   7.00   8.00   9.00
 1    1.80   1.90   1.85   2.00   2.10   1.95   2.10   2.30   2.25   2.50
         0      0      0      0      0      0      0      0      0      0
 1   10.00
 0    2.20
         0
 1   10.00
 0    0.00
         0
 2    0.00   1.00   2.00   3.00   4.00   5.00   6.00   7.00   8.00   9.00
 1    0.70   0.60   0.70   0.65   0.65   0.55   0.60   0.50   0.60   0.65
         0      0      0      0      0      0      0      0      0      0
 2   10.00
 0    0.75
         0
 2    0.00   1.00   2.00   3.00   4.00   5.00   6.00   7.00   8.00   9.00
 1    3.00   3.20   3.30   3.05   2.90   2.75   2.50   2.55   2.75   3.05
         0      0      0      0      0      0      0      0      0      0
 2   10.00
 0    3.20
         0
 2   10.00
 0    0.00
         0
 3    0.00   1.00   2.00   3.00   4.00   5.00   6.00   7.00   8.00   9.00
 1    1.80   1.90   1.80   1.60   1.75   1.90   1.90   1.85   1.65   1.75
         0      0      0      0      0      0      0      0      0      0
 3   10.00
 0    1.60
         0
 3    0.00   1.00   2.00   3.00   4.00   5.00   6.00   7.00   8.00   9.00
 1    4.00   4.25   4.15   4.05   3.95   3.60   3.50   3.80   3.75   4.10
         0      0      0      0      0      0      0      0      0      0
 3   10.00
 0    4.20
         0
 3   10.00
 0    0.00
         0
 4    0.00   1.00   2.00   3.00   4.00   5.00   6.00   7.00   8.00   9.00
 1    2.40   2.35   2.15   1.85   2.05   2.25   2.30   2.35   2.30   2.25
         0      0      0      0      0      0      0      0      0      0
 4   10.00
 0    2.25
         0
 4   10.00
 0    5.00
         0
 4   10.00
 0    0.00
         0
 5   10.00
 0    3.00
