  &pltpar  itxout=2, symht=0., vred=0.,
           imod=1, iray=2, ibnd=0, 
           xwndow=290., ywndow=175.,
           ircol=1, itcol=1,
  &end
  &axepar  xmax=10., xmm=270.,
           zmax=1.,  zmm=70.,
           tmin=0., tmax=2., tmm=70.,
  &end   
  &trapar  imodf=0, 
           ishot=1,2,2,2,2,2,2,2,2,2,-1,
           xshot=0.,1.,2.,3.,4.,5.,6.,7.,8.,9.,10.,
           ray=1.1,1.3, xsmax=3.,
           nsmax=25, 
           nray=25,1, hws=.1,
           ibsmth=1, npbnd=250, nbsmth=100,
  &end
  &invpar  invr=0,
           ivray=1,2,
  &end
      x/z    x/z    x/z    x/z    x/z    x/z    x/z    x/z    x/z    x/z
      x/vu   x/vu   x/vu   x/vu   x/vu   x/vu   x/vu   x/vu   x/vu   x/vu
      x/vl   x/vl   x/vl   x/vl   x/vl   x/vl   x/vl   x/vl   x/vl   x/vl
 1    0.00   1.00   2.00   3.00   4.00   5.00   6.00   7.00   8.00   9.00
 1    0.25   0.45   0.50   0.45   0.25   0.10   0.20   0.00   0.15   0.15
         0      0      0      0      0      0      0      0      0      0
 1   10.00
 0    0.35
         0
 1    0.00   1.00   2.00   3.00   4.00   5.00   6.00   7.00   8.00   9.00
 1    1.80   1.90   1.85   2.00   2.10   1.95   2.10   2.30   2.25   2.50
         1      1      1      1      1      1      1      1      1      1
 1   10.00
 0    2.20
         1
 1    0.00   1.00   2.00   3.00   4.00   5.00   6.00   7.00   8.00   9.00
 1    1.90   2.00   1.95   2.10   2.20   2.05   2.20   2.40   2.35   2.60
        -1     -1     -1     -1     -1     -1     -1     -1     -1     -1 
 1   10.00
 0    2.30
        -1 
 2    0.00   1.00   2.00   3.00   4.00   5.00   6.00   7.00   8.00   9.00
 1    0.70   0.60   0.70   0.65   0.65   0.55   0.60   0.50   0.60   0.65
         1      1      1      1      1      1      1      1      1      1
 2   10.00
 0    0.75
         1
 2    0.00   1.00   2.00   3.00   4.00   5.00   6.00   7.00   8.00   9.00
 1    3.00   3.20   3.30   3.05   2.90   2.75   2.50   2.55   2.75   3.05
         1      1      1      1      1      1      1      1      1      1
 2   10.00
 0    3.20
         1
 2   10.00
 0    0.00
         0
 3   10.00
 0    1.00
