     0.000     1.000     0.000         0
     0.050     0.044     0.010         1
     0.100     0.075     0.010         1
     0.150     0.108     0.010         1
     0.200     0.117     0.010         1
     0.250     0.160     0.010         1
     0.300     0.197     0.010         1
     0.350     0.214     0.010         1
     0.400     0.259     0.010         1
     0.450     0.268     0.010         1
     0.500     0.309     0.010         1
     0.550     0.302     0.010         1
     0.600     0.353     0.010         1
     0.650     0.365     0.010         1
     0.700     0.409     0.010         1
     0.750     0.451     0.010         1
     0.800     0.449     0.010         1
     0.850     0.491     0.010         1
     0.900     0.527     0.010         1
     0.950     0.552     0.010         1
     1.000     0.578     0.010         1
     1.050     0.585     0.010         1
     1.100     0.611     0.010         1
     1.150     0.660     0.010         1
     1.200     0.677     0.010         1
     1.250     0.715     0.010         1
     1.300     0.728     0.010         1
     1.350     0.762     0.010         1
     1.400     0.774     0.010         1
     1.450     0.816     0.010         1
     1.500     0.846     0.010         1
     1.550     0.854     0.010         1
     1.600     0.885     0.010         1
     1.650     0.911     0.010         1
     1.700     0.960     0.010         1
     1.750     0.973     0.010         1
     1.800     0.990     0.010         1
     1.850     1.030     0.010         1
     1.900     1.041     0.010         1
     1.950     1.080     0.010         1
     2.000     1.084     0.010         1
     2.050     1.123     0.010         1
     2.100     1.178     0.010         1
     2.150     1.198     0.010         1
     2.200     1.209     0.010         1
     2.250     1.251     0.010         1
     2.300     1.253     0.010         1
     2.350     1.286     0.010         1
     2.400     1.312     0.010         1
     2.450     1.337     0.010         1
     2.500     1.368     0.010         1
     2.550     1.379     0.010         1
     2.600     1.425     0.010         1
     2.650     1.451     0.010         1
     2.700     1.483     0.010         1
     2.750     1.507     0.010         1
     2.800     1.524     0.010         1
     2.850     1.559     0.010         1
     2.900     1.574     0.010         1
     2.950     1.615     0.010         1
     0.600     0.514     0.010         2
     0.650     0.526     0.010         2
     0.700     0.533     0.010         2
     0.750     0.529     0.010         2
     0.800     0.551     0.010         2
     0.850     0.563     0.010         2
     0.900     0.563     0.010         2
     0.950     0.568     0.010         2
     1.000     0.583     0.010         2
     1.050     0.600     0.010         2
     1.100     0.626     0.010         2
     1.150     0.641     0.010         2
     1.200     0.636     0.010         2
     1.250     0.657     0.010         2
     1.300     0.676     0.010         2
     1.350     0.703     0.010         2
     1.400     0.711     0.010         2
     1.450     0.724     0.010         2
     1.500     0.738     0.010         2
     1.550     0.771     0.010         2
     1.600     0.787     0.010         2
     1.650     0.801     0.010         2
     1.700     0.820     0.010         2
     1.750     0.819     0.010         2
     1.800     0.855     0.010         2
     1.850     0.844     0.010         2
     1.900     0.862     0.010         2
     1.950     0.904     0.010         2
     2.000     0.915     0.010         2
     2.050     0.911     0.010         2
     2.100     0.959     0.010         2
     2.150     0.957     0.010         2
     2.200     0.967     0.010         2
     2.250     0.990     0.010         2
     2.300     1.007     0.010         2
     2.350     1.022     0.010         2
     2.400     1.036     0.010         2
     2.450     1.066     0.010         2
     2.500     1.075     0.010         2
     2.550     1.087     0.010         2
     2.600     1.100     0.010         2
     2.650     1.104     0.010         2
     2.700     1.124     0.010         2
     2.750     1.159     0.010         2
     2.800     1.165     0.010         2
     2.850     1.162     0.010         2
     2.900     1.182     0.010         2
     2.950     1.190     0.010         2
     3.000     1.211     0.010         2
     1.000    -1.000     0.000         0
     0.050     0.545     0.010         1
     0.100     0.500     0.010         1
     0.150     0.472     0.010         1
     0.200     0.459     0.010         1
     0.250     0.435     0.010         1
     0.300     0.411     0.010         1
     0.350     0.363     0.010         1
     0.400     0.346     0.010         1
     0.450     0.305     0.010         1
     0.500     0.300     0.010         1
     0.550     0.263     0.010         1
     0.600     0.249     0.010         1
     0.650     0.201     0.010         1
     0.700     0.165     0.010         1
     0.750     0.158     0.010         1
     0.800     0.134     0.010         1
     0.850     0.102     0.010         1
     0.900     0.085     0.010         1
     0.950     0.044     0.010         1
     0.050     0.562     0.010         2
     0.100     0.534     0.010         2
     0.150     0.531     0.010         2
     0.200     0.496     0.010         2
     0.250     0.473     0.010         2
     0.300     0.429     0.010         2
     0.350     0.421     0.010         2
     0.400     0.414     0.010         2
     0.450     0.390     0.010         2
     0.500     0.361     0.010         2
     0.550     0.331     0.010         2
     0.600     0.309     0.010         2
     0.650     0.297     0.010         2
     0.700     0.278     0.010         2
     1.000     1.000     0.000         0
     1.050     0.050     0.010         1
     1.100     0.079     0.010         1
     1.150     0.096     0.010         1
     1.200     0.127     0.010         1
     1.250     0.145     0.010         1
     1.300     0.193     0.010         1
     1.350     0.200     0.010         1
     1.400     0.230     0.010         1
     1.450     0.255     0.010         1
     1.500     0.286     0.010         1
     1.550     0.313     0.010         1
     1.600     0.327     0.010         1
     1.650     0.372     0.010         1
     1.700     0.386     0.010         1
     1.750     0.439     0.010         1
     1.800     0.461     0.010         1
     1.850     0.459     0.010         1
     1.900     0.494     0.010         1
     1.950     0.519     0.010         1
     2.000     0.547     0.010         1
     2.050     0.577     0.010         1
     2.100     0.614     0.010         1
     2.150     0.635     0.010         1
     2.200     0.652     0.010         1
     2.250     0.680     0.010         1
     2.300     0.706     0.010         1
     2.350     0.754     0.010         1
     2.400     0.758     0.010         1
     2.450     0.790     0.010         1
     2.500     0.839     0.010         1
     2.550     0.843     0.010         1
     2.600     0.847     0.010         1
     2.650     0.886     0.010         1
     2.700     0.916     0.010         1
     2.750     0.932     0.010         1
     2.800     0.972     0.010         1
     2.850     0.996     0.010         1
     2.900     1.007     0.010         1
     2.950     1.038     0.010         1
     3.000     1.080     0.010         1
     3.050     1.088     0.010         1
     3.100     1.139     0.010         1
     3.150     1.163     0.010         1
     3.200     1.160     0.010         1
     3.250     1.180     0.010         1
     3.300     1.235     0.010         1
     3.350     1.237     0.010         1
     3.400     1.301     0.010         1
     3.450     1.312     0.010         1
     3.500     1.335     0.010         1
     3.550     1.344     0.010         1
     3.600     1.374     0.010         1
     3.650     1.392     0.010         1
     3.700     1.434     0.010         1
     3.750     1.445     0.010         1
     3.800     1.476     0.010         1
     3.850     1.486     0.010         1
     3.900     1.518     0.010         1
     3.950     1.550     0.010         1
     1.250     0.220     0.010         2
     1.300     0.236     0.010         2
     1.350     0.267     0.010         2
     1.400     0.275     0.010         2
     1.450     0.287     0.010         2
     1.500     0.311     0.010         2
     1.550     0.324     0.010         2
     1.600     0.324     0.010         2
     1.650     0.352     0.010         2
     1.700     0.378     0.010         2
     1.750     0.390     0.010         2
     1.800     0.394     0.010         2
     1.850     0.433     0.010         2
     1.900     0.446     0.010         2
     1.950     0.453     0.010         2
     2.000     0.472     0.010         2
     2.050     0.471     0.010         2
     2.100     0.500     0.010         2
     2.150     0.523     0.010         2
     2.200     0.541     0.010         2
     2.250     0.555     0.010         2
     2.300     0.557     0.010         2
     2.350     0.599     0.010         2
     2.400     0.588     0.010         2
     2.450     0.627     0.010         2
     2.500     0.641     0.010         2
     2.550     0.643     0.010         2
     2.600     0.660     0.010         2
     2.650     0.669     0.010         2
     2.700     0.704     0.010         2
     2.750     0.696     0.010         2
     2.800     0.720     0.010         2
     2.850     0.727     0.010         2
     2.900     0.749     0.010         2
     2.950     0.771     0.010         2
     3.000     0.786     0.010         2
     3.050     0.817     0.010         2
     3.100     0.804     0.010         2
     3.150     0.823     0.010         2
     3.200     0.867     0.010         2
     3.250     0.894     0.010         2
     3.300     0.886     0.010         2
     3.350     0.912     0.010         2
     3.400     0.942     0.010         2
     3.450     0.934     0.010         2
     3.500     0.980     0.010         2
     3.550     1.001     0.010         2
     3.600     1.027     0.010         2
     3.650     1.048     0.010         2
     3.700     1.071     0.010         2
     3.750     1.086     0.010         2
     3.800     1.093     0.010         2
     3.850     1.111     0.010         2
     3.900     1.127     0.010         2
     3.950     1.157     0.010         2
     4.000     1.179     0.010         2
     2.000    -1.000     0.000         0
     0.050     1.047     0.010         1
     0.100     1.048     0.010         1
     0.150     1.006     0.010         1
     0.200     0.982     0.010         1
     0.250     0.961     0.010         1
     0.300     0.945     0.010         1
     0.350     0.906     0.010         1
     0.400     0.885     0.010         1
     0.450     0.848     0.010         1
     0.500     0.814     0.010         1
     0.550     0.814     0.010         1
     0.600     0.782     0.010         1
     0.650     0.742     0.010         1
     0.700     0.721     0.010         1
     0.750     0.697     0.010         1
     0.800     0.660     0.010         1
     0.850     0.626     0.010         1
     0.900     0.613     0.010         1
     0.950     0.582     0.010         1
     1.000     0.572     0.010         1
     1.050     0.530     0.010         1
     1.100     0.501     0.010         1
     1.150     0.461     0.010         1
     1.200     0.435     0.010         1
     1.250     0.429     0.010         1
     1.300     0.402     0.010         1
     1.350     0.373     0.010         1
     1.400     0.329     0.010         1
     1.450     0.304     0.010         1
     1.500     0.275     0.010         1
     1.550     0.255     0.010         1
     1.600     0.209     0.010         1
     1.650     0.186     0.010         1
     1.700     0.185     0.010         1
     1.750     0.143     0.010         1
     1.800     0.142     0.010         1
     1.850     0.092     0.010         1
     1.900     0.065     0.010         1
     1.950     0.044     0.010         1
     0.150     0.840     0.010         2
     0.200     0.820     0.010         2
     0.250     0.811     0.010         2
     0.300     0.793     0.010         2
     0.350     0.749     0.010         2
     0.400     0.726     0.010         2
     0.450     0.702     0.010         2
     0.500     0.673     0.010         2
     0.550     0.674     0.010         2
     0.600     0.636     0.010         2
     0.650     0.619     0.010         2
     0.700     0.591     0.010         2
     0.750     0.579     0.010         2
     0.800     0.544     0.010         2
     0.850     0.509     0.010         2
     0.900     0.490     0.010         2
     0.950     0.484     0.010         2
     1.000     0.465     0.010         2
     1.050     0.455     0.010         2
     1.100     0.437     0.010         2
     1.150     0.419     0.010         2
     1.200     0.404     0.010         2
     1.250     0.405     0.010         2
     1.300     0.395     0.010         2
     1.350     0.354     0.010         2
     1.400     0.351     0.010         2
     1.450     0.316     0.010         2
     1.500     0.334     0.010         2
     1.550     0.320     0.010         2
     1.600     0.304     0.010         2
     1.650     0.281     0.010         2
     1.700     0.270     0.010         2
     2.000     1.000     0.000         0
     2.050     0.046     0.010         1
     2.100     0.078     0.010         1
     2.150     0.104     0.010         1
     2.200     0.113     0.010         1
     2.250     0.133     0.010         1
     2.300     0.185     0.010         1
     2.350     0.206     0.010         1
     2.400     0.233     0.010         1
     2.450     0.262     0.010         1
     2.500     0.299     0.010         1
     2.550     0.309     0.010         1
     2.600     0.332     0.010         1
     2.650     0.348     0.010         1
     2.700     0.385     0.010         1
     2.750     0.422     0.010         1
     2.800     0.430     0.010         1
     2.850     0.472     0.010         1
     2.900     0.493     0.010         1
     2.950     0.511     0.010         1
     3.000     0.539     0.010         1
     3.050     0.544     0.010         1
     3.100     0.621     0.010         1
     3.150     0.602     0.010         1
     3.200     0.648     0.010         1
     3.250     0.669     0.010         1
     3.300     0.685     0.010         1
     3.350     0.718     0.010         1
     3.400     0.732     0.010         1
     3.450     0.759     0.010         1
     3.500     0.785     0.010         1
     3.550     0.819     0.010         1
     3.600     0.848     0.010         1
     3.650     0.857     0.010         1
     3.700     0.876     0.010         1
     3.750     0.917     0.010         1
     3.800     0.941     0.010         1
     3.850     0.963     0.010         1
     3.900     0.985     0.010         1
     3.950     1.004     0.010         1
     4.000     1.035     0.010         1
     4.050     1.061     0.010         1
     4.100     1.094     0.010         1
     4.150     1.118     0.010         1
     4.200     1.126     0.010         1
     4.250     1.156     0.010         1
     4.300     1.173     0.010         1
     4.350     1.213     0.010         1
     4.400     1.229     0.010         1
     4.450     1.263     0.010         1
     4.500     1.297     0.010         1
     4.550     1.291     0.010         1
     4.600     1.335     0.010         1
     4.650     1.361     0.010         1
     4.700     1.370     0.010         1
     4.750     1.396     0.010         1
     4.800     1.435     0.010         1
     4.850     1.453     0.010         1
     4.900     1.485     0.010         1
     4.950     1.504     0.010         1
     2.300     0.284     0.010         2
     2.350     0.291     0.010         2
     2.400     0.293     0.010         2
     2.450     0.325     0.010         2
     2.500     0.331     0.010         2
     2.550     0.350     0.010         2
     2.600     0.371     0.010         2
     2.650     0.382     0.010         2
     2.700     0.410     0.010         2
     2.750     0.422     0.010         2
     2.800     0.428     0.010         2
     2.850     0.440     0.010         2
     2.900     0.449     0.010         2
     2.950     0.472     0.010         2
     3.000     0.505     0.010         2
     3.050     0.520     0.010         2
     3.100     0.528     0.010         2
     3.150     0.552     0.010         2
     3.200     0.573     0.010         2
     3.250     0.579     0.010         2
     3.300     0.619     0.010         2
     3.350     0.595     0.010         2
     3.400     0.634     0.010         2
     3.450     0.657     0.010         2
     3.500     0.670     0.010         2
     3.550     0.706     0.010         2
     3.600     0.729     0.010         2
     3.650     0.748     0.010         2
     3.700     0.782     0.010         2
     3.750     0.799     0.010         2
     3.800     0.826     0.010         2
     3.850     0.811     0.010         2
     3.900     0.834     0.010         2
     3.950     0.859     0.010         2
     4.000     0.878     0.010         2
     4.050     0.903     0.010         2
     4.100     0.918     0.010         2
     4.150     0.950     0.010         2
     4.200     0.968     0.010         2
     4.250     0.998     0.010         2
     4.300     0.998     0.010         2
     4.350     1.001     0.010         2
     4.400     1.042     0.010         2
     4.450     1.055     0.010         2
     4.500     1.087     0.010         2
     4.550     1.099     0.010         2
     4.600     1.124     0.010         2
     4.650     1.136     0.010         2
     4.700     1.175     0.010         2
     4.750     1.181     0.010         2
     4.800     1.190     0.010         2
     4.850     1.238     0.010         2
     4.900     1.260     0.010         2
     4.950     1.260     0.010         2
     5.000     1.271     0.010         2
     3.000    -1.000     0.000         0
     0.050     1.608     0.010         1
     0.100     1.563     0.010         1
     0.150     1.548     0.010         1
     0.200     1.510     0.010         1
     0.250     1.491     0.010         1
     0.300     1.475     0.010         1
     0.350     1.430     0.010         1
     0.400     1.405     0.010         1
     0.450     1.364     0.010         1
     0.500     1.352     0.010         1
     0.550     1.317     0.010         1
     0.600     1.292     0.010         1
     0.650     1.260     0.010         1
     0.700     1.235     0.010         1
     0.750     1.201     0.010         1
     0.800     1.199     0.010         1
     0.850     1.174     0.010         1
     0.900     1.121     0.010         1
     0.950     1.097     0.010         1
     1.000     1.055     0.010         1
     1.050     1.067     0.010         1
     1.100     1.020     0.010         1
     1.150     1.018     0.010         1
     1.200     0.970     0.010         1
     1.250     0.943     0.010         1
     1.300     0.911     0.010         1
     1.350     0.894     0.010         1
     1.400     0.860     0.010         1
     1.450     0.830     0.010         1
     1.500     0.789     0.010         1
     1.550     0.781     0.010         1
     1.600     0.739     0.010         1
     1.650     0.725     0.010         1
     1.700     0.697     0.010         1
     1.750     0.661     0.010         1
     1.800     0.649     0.010         1
     1.850     0.598     0.010         1
     1.900     0.599     0.010         1
     1.950     0.570     0.010         1
     2.000     0.541     0.010         1
     2.050     0.496     0.010         1
     2.100     0.470     0.010         1
     2.150     0.450     0.010         1
     2.200     0.424     0.010         1
     2.250     0.413     0.010         1
     2.300     0.371     0.010         1
     2.350     0.361     0.010         1
     2.400     0.326     0.010         1
     2.450     0.302     0.010         1
     2.500     0.277     0.010         1
     2.550     0.243     0.010         1
     2.600     0.216     0.010         1
     2.650     0.168     0.010         1
     2.700     0.173     0.010         1
     2.750     0.139     0.010         1
     2.800     0.125     0.010         1
     2.850     0.091     0.010         1
     2.900     0.059     0.010         1
     2.950     0.050     0.010         1
     0.150     1.155     0.010         2
     0.200     1.132     0.010         2
     0.250     1.113     0.010         2
     0.300     1.101     0.010         2
     0.350     1.064     0.010         2
     0.400     1.038     0.010         2
     0.450     1.019     0.010         2
     0.500     0.990     0.010         2
     0.550     0.965     0.010         2
     0.600     0.946     0.010         2
     0.650     0.925     0.010         2
     0.700     0.901     0.010         2
     0.750     0.881     0.010         2
     0.800     0.875     0.010         2
     0.850     0.845     0.010         2
     0.900     0.804     0.010         2
     0.950     0.794     0.010         2
     1.000     0.769     0.010         2
     1.050     0.782     0.010         2
     1.100     0.756     0.010         2
     1.150     0.744     0.010         2
     1.200     0.721     0.010         2
     1.250     0.702     0.010         2
     1.300     0.701     0.010         2
     1.350     0.690     0.010         2
     1.400     0.673     0.010         2
     1.450     0.652     0.010         2
     1.500     0.628     0.010         2
     1.550     0.622     0.010         2
     1.600     0.615     0.010         2
     1.650     0.600     0.010         2
     1.700     0.588     0.010         2
     1.750     0.562     0.010         2
     1.800     0.572     0.010         2
     1.850     0.537     0.010         2
     1.900     0.532     0.010         2
     1.950     0.512     0.010         2
     2.000     0.474     0.010         2
     2.050     0.480     0.010         2
     2.100     0.462     0.010         2
     2.150     0.437     0.010         2
     2.200     0.429     0.010         2
     2.250     0.401     0.010         2
     2.300     0.406     0.010         2
     2.350     0.369     0.010         2
     2.400     0.363     0.010         2
     2.450     0.341     0.010         2
     2.500     0.344     0.010         2
     2.550     0.325     0.010         2
     2.600     0.308     0.010         2
     2.650     0.276     0.010         2
     3.000     1.000     0.000         0
     3.050     0.056     0.010         1
     3.100     0.057     0.010         1
     3.150     0.099     0.010         1
     3.200     0.120     0.010         1
     3.250     0.155     0.010         1
     3.300     0.168     0.010         1
     3.350     0.208     0.010         1
     3.400     0.206     0.010         1
     3.450     0.240     0.010         1
     3.500     0.282     0.010         1
     3.550     0.276     0.010         1
     3.600     0.314     0.010         1
     3.650     0.323     0.010         1
     3.700     0.375     0.010         1
     3.750     0.379     0.010         1
     3.800     0.412     0.010         1
     3.850     0.430     0.010         1
     3.900     0.475     0.010         1
     3.950     0.482     0.010         1
     4.000     0.513     0.010         1
     4.050     0.541     0.010         1
     4.100     0.563     0.010         1
     4.150     0.590     0.010         1
     4.200     0.622     0.010         1
     4.250     0.632     0.010         1
     4.300     0.655     0.010         1
     4.350     0.684     0.010         1
     4.400     0.705     0.010         1
     4.450     0.729     0.010         1
     4.500     0.767     0.010         1
     4.550     0.770     0.010         1
     4.600     0.826     0.010         1
     4.650     0.828     0.010         1
     4.700     0.847     0.010         1
     4.750     0.881     0.010         1
     4.800     0.904     0.010         1
     4.850     0.940     0.010         1
     4.900     0.952     0.010         1
     4.950     0.983     0.010         1
     5.000     1.017     0.010         1
     5.050     1.034     0.010         1
     5.100     1.064     0.010         1
     5.150     1.073     0.010         1
     5.200     1.120     0.010         1
     5.250     1.126     0.010         1
     5.300     1.174     0.010         1
     5.350     1.214     0.010         1
     5.400     1.214     0.010         1
     5.450     1.225     0.010         1
     5.500     1.249     0.010         1
     5.550     1.298     0.010         1
     5.600     1.318     0.010         1
     5.650     1.364     0.010         1
     5.700     1.367     0.010         1
     5.750     1.392     0.010         1
     5.800     1.425     0.010         1
     5.850     1.438     0.010         1
     5.900     1.448     0.010         1
     5.950     1.484     0.010         1
     3.450     0.330     0.010         2
     3.500     0.344     0.010         2
     3.550     0.373     0.010         2
     3.600     0.404     0.010         2
     3.650     0.427     0.010         2
     3.700     0.438     0.010         2
     3.750     0.448     0.010         2
     3.800     0.481     0.010         2
     3.850     0.497     0.010         2
     3.900     0.523     0.010         2
     3.950     0.547     0.010         2
     4.000     0.538     0.010         2
     4.050     0.585     0.010         2
     4.100     0.591     0.010         2
     4.150     0.613     0.010         2
     4.200     0.631     0.010         2
     4.250     0.660     0.010         2
     4.300     0.664     0.010         2
     4.350     0.702     0.010         2
     4.400     0.707     0.010         2
     4.450     0.753     0.010         2
     4.500     0.767     0.010         2
     4.550     0.784     0.010         2
     4.600     0.815     0.010         2
     4.650     0.820     0.010         2
     4.700     0.841     0.010         2
     4.750     0.838     0.010         2
     4.800     0.867     0.010         2
     4.850     0.885     0.010         2
     4.900     0.914     0.010         2
     4.950     0.937     0.010         2
     5.000     0.945     0.010         2
     5.050     0.953     0.010         2
     5.100     0.986     0.010         2
     5.150     1.014     0.010         2
     5.200     1.003     0.010         2
     5.250     0.999     0.010         2
     5.300     1.051     0.010         2
     5.350     1.058     0.010         2
     5.400     1.070     0.010         2
     5.450     1.084     0.010         2
     5.500     1.108     0.010         2
     5.550     1.115     0.010         2
     5.600     1.140     0.010         2
     5.650     1.155     0.010         2
     5.700     1.156     0.010         2
     5.750     1.160     0.010         2
     5.800     1.211     0.010         2
     5.850     1.213     0.010         2
     5.900     1.239     0.010         2
     5.950     1.248     0.010         2
     6.000     1.262     0.010         2
     4.000    -1.000     0.000         0
     1.050     1.557     0.010         1
     1.100     1.515     0.010         1
     1.150     1.484     0.010         1
     1.200     1.466     0.010         1
     1.250     1.441     0.010         1
     1.300     1.418     0.010         1
     1.350     1.386     0.010         1
     1.400     1.354     0.010         1
     1.450     1.318     0.010         1
     1.500     1.308     0.010         1
     1.550     1.281     0.010         1
     1.600     1.240     0.010         1
     1.650     1.216     0.010         1
     1.700     1.208     0.010         1
     1.750     1.163     0.010         1
     1.800     1.161     0.010         1
     1.850     1.098     0.010         1
     1.900     1.088     0.010         1
     1.950     1.075     0.010         1
     2.000     1.051     0.010         1
     2.050     1.025     0.010         1
     2.100     0.984     0.010         1
     2.150     0.958     0.010         1
     2.200     0.928     0.010         1
     2.250     0.897     0.010         1
     2.300     0.880     0.010         1
     2.350     0.842     0.010         1
     2.400     0.826     0.010         1
     2.450     0.790     0.010         1
     2.500     0.776     0.010         1
     2.550     0.739     0.010         1
     2.600     0.729     0.010         1
     2.650     0.689     0.010         1
     2.700     0.666     0.010         1
     2.750     0.652     0.010         1
     2.800     0.618     0.010         1
     2.850     0.577     0.010         1
     2.900     0.557     0.010         1
     2.950     0.541     0.010         1
     3.000     0.504     0.010         1
     3.050     0.495     0.010         1
     3.100     0.448     0.010         1
     3.150     0.442     0.010         1
     3.200     0.424     0.010         1
     3.250     0.383     0.010         1
     3.300     0.360     0.010         1
     3.350     0.335     0.010         1
     3.400     0.320     0.010         1
     3.450     0.288     0.010         1
     3.500     0.251     0.010         1
     3.550     0.245     0.010         1
     3.600     0.208     0.010         1
     3.650     0.197     0.010         1
     3.700     0.166     0.010         1
     3.750     0.138     0.010         1
     3.800     0.132     0.010         1
     3.850     0.107     0.010         1
     3.900     0.058     0.010         1
     3.950     0.038     0.010         1
     1.000     1.189     0.010         2
     1.050     1.170     0.010         2
     1.100     1.155     0.010         2
     1.150     1.137     0.010         2
     1.200     1.120     0.010         2
     1.250     1.116     0.010         2
     1.300     1.078     0.010         2
     1.350     1.075     0.010         2
     1.400     1.051     0.010         2
     1.450     1.054     0.010         2
     1.500     1.036     0.010         2
     1.550     1.016     0.010         2
     1.600     1.002     0.010         2
     1.650     0.983     0.010         2
     1.700     0.978     0.010         2
     1.750     0.962     0.010         2
     1.800     0.936     0.010         2
     1.850     0.929     0.010         2
     1.900     0.935     0.010         2
     1.950     0.897     0.010         2
     2.000     0.872     0.010         2
     2.050     0.873     0.010         2
     2.100     0.857     0.010         2
     2.150     0.832     0.010         2
     2.200     0.811     0.010         2
     2.250     0.786     0.010         2
     2.300     0.798     0.010         2
     2.350     0.780     0.010         2
     2.400     0.771     0.010         2
     2.450     0.746     0.010         2
     2.500     0.723     0.010         2
     2.550     0.716     0.010         2
     2.600     0.706     0.010         2
     2.650     0.671     0.010         2
     2.700     0.648     0.010         2
     2.750     0.647     0.010         2
     2.800     0.632     0.010         2
     2.850     0.604     0.010         2
     2.900     0.600     0.010         2
     2.950     0.585     0.010         2
     3.000     0.573     0.010         2
     3.050     0.549     0.010         2
     3.100     0.518     0.010         2
     3.150     0.524     0.010         2
     3.200     0.483     0.010         2
     3.250     0.499     0.010         2
     3.300     0.476     0.010         2
     3.350     0.458     0.010         2
     4.000     1.000     0.000         0
     4.050     0.053     0.010         1
     4.100     0.090     0.010         1
     4.150     0.086     0.010         1
     4.200     0.112     0.010         1
     4.250     0.131     0.010         1
     4.300     0.162     0.010         1
     4.350     0.191     0.010         1
     4.400     0.206     0.010         1
     4.450     0.223     0.010         1
     4.500     0.254     0.010         1
     4.550     0.293     0.010         1
     4.600     0.314     0.010         1
     4.650     0.342     0.010         1
     4.700     0.359     0.010         1
     4.750     0.386     0.010         1
     4.800     0.413     0.010         1
     4.850     0.453     0.010         1
     4.900     0.462     0.010         1
     4.950     0.485     0.010         1
     5.000     0.523     0.010         1
     5.050     0.533     0.010         1
     5.100     0.564     0.010         1
     5.150     0.580     0.010         1
     5.200     0.617     0.010         1
     5.250     0.642     0.010         1
     5.300     0.679     0.010         1
     5.350     0.705     0.010         1
     5.400     0.728     0.010         1
     5.450     0.727     0.010         1
     5.500     0.766     0.010         1
     5.550     0.803     0.010         1
     5.600     0.795     0.010         1
     5.650     0.843     0.010         1
     5.700     0.869     0.010         1
     5.750     0.890     0.010         1
     5.800     0.908     0.010         1
     5.850     0.938     0.010         1
     5.900     0.977     0.010         1
     5.950     1.005     0.010         1
     6.000     1.006     0.010         1
     6.050     1.060     0.010         1
     6.100     1.066     0.010         1
     6.150     1.104     0.010         1
     6.200     1.105     0.010         1
     6.250     1.131     0.010         1
     6.300     1.156     0.010         1
     6.350     1.174     0.010         1
     6.400     1.197     0.010         1
     6.450     1.215     0.010         1
     6.500     1.253     0.010         1
     6.550     1.269     0.010         1
     6.600     1.294     0.010         1
     6.650     1.303     0.010         1
     6.700     1.339     0.010         1
     6.750     1.368     0.010         1
     6.800     1.407     0.010         1
     6.850     1.425     0.010         1
     6.900     1.427     0.010         1
     6.950     1.458     0.010         1
     4.900     0.635     0.010         2
     4.950     0.639     0.010         2
     5.000     0.652     0.010         2
     5.050     0.662     0.010         2
     5.100     0.682     0.010         2
     5.150     0.680     0.010         2
     5.200     0.727     0.010         2
     5.250     0.732     0.010         2
     5.300     0.761     0.010         2
     5.350     0.750     0.010         2
     5.400     0.785     0.010         2
     5.450     0.789     0.010         2
     5.500     0.809     0.010         2
     5.550     0.820     0.010         2
     5.600     0.842     0.010         2
     5.650     0.861     0.010         2
     5.700     0.859     0.010         2
     5.750     0.904     0.010         2
     5.800     0.915     0.010         2
     5.850     0.939     0.010         2
     5.900     0.959     0.010         2
     5.950     0.951     0.010         2
     6.000     0.967     0.010         2
     6.050     1.007     0.010         2
     6.100     1.032     0.010         2
     6.150     1.041     0.010         2
     6.200     1.060     0.010         2
     6.250     1.093     0.010         2
     6.300     1.115     0.010         2
     6.350     1.138     0.010         2
     6.400     1.138     0.010         2
     6.450     1.178     0.010         2
     6.500     1.184     0.010         2
     6.550     1.201     0.010         2
     6.600     1.248     0.010         2
     6.650     1.283     0.010         2
     6.700     1.269     0.010         2
     6.750     1.281     0.010         2
     6.800     1.306     0.010         2
     6.850     1.339     0.010         2
     6.900     1.346     0.010         2
     6.950     1.372     0.010         2
     7.000     1.396     0.010         2
     5.000    -1.000     0.000         0
     2.050     1.496     0.010         1
     2.100     1.480     0.010         1
     2.150     1.457     0.010         1
     2.200     1.419     0.010         1
     2.250     1.406     0.010         1
     2.300     1.369     0.010         1
     2.350     1.348     0.010         1
     2.400     1.329     0.010         1
     2.450     1.305     0.010         1
     2.500     1.271     0.010         1
     2.550     1.246     0.010         1
     2.600     1.223     0.010         1
     2.650     1.195     0.010         1
     2.700     1.148     0.010         1
     2.750     1.139     0.010         1
     2.800     1.114     0.010         1
     2.850     1.084     0.010         1
     2.900     1.079     0.010         1
     2.950     1.020     0.010         1
     3.000     1.003     0.010         1
     3.050     1.010     0.010         1
     3.100     0.967     0.010         1
     3.150     0.948     0.010         1
     3.200     0.921     0.010         1
     3.250     0.900     0.010         1
     3.300     0.852     0.010         1
     3.350     0.849     0.010         1
     3.400     0.808     0.010         1
     3.450     0.780     0.010         1
     3.500     0.763     0.010         1
     3.550     0.756     0.010         1
     3.600     0.719     0.010         1
     3.650     0.674     0.010         1
     3.700     0.658     0.010         1
     3.750     0.631     0.010         1
     3.800     0.616     0.010         1
     3.850     0.595     0.010         1
     3.900     0.559     0.010         1
     3.950     0.537     0.010         1
     4.000     0.505     0.010         1
     4.050     0.509     0.010         1
     4.100     0.476     0.010         1
     4.150     0.440     0.010         1
     4.200     0.417     0.010         1
     4.250     0.391     0.010         1
     4.300     0.363     0.010         1
     4.350     0.355     0.010         1
     4.400     0.324     0.010         1
     4.450     0.284     0.010         1
     4.500     0.270     0.010         1
     4.550     0.229     0.010         1
     4.600     0.222     0.010         1
     4.650     0.191     0.010         1
     4.700     0.162     0.010         1
     4.750     0.153     0.010         1
     4.800     0.123     0.010         1
     4.850     0.099     0.010         1
     4.900     0.061     0.010         1
     4.950     0.043     0.010         1
     2.000     1.278     0.010         2
     2.050     1.271     0.010         2
     2.100     1.248     0.010         2
     2.150     1.235     0.010         2
     2.200     1.198     0.010         2
     2.250     1.188     0.010         2
     2.300     1.177     0.010         2
     2.350     1.161     0.010         2
     2.400     1.154     0.010         2
     2.450     1.128     0.010         2
     2.500     1.115     0.010         2
     2.550     1.113     0.010         2
     2.600     1.078     0.010         2
     2.650     1.060     0.010         2
     2.700     1.055     0.010         2
     2.750     1.025     0.010         2
     2.800     1.033     0.010         2
     2.850     1.001     0.010         2
     2.900     1.000     0.010         2
     2.950     0.968     0.010         2
     3.000     0.961     0.010         2
     3.050     0.938     0.010         2
     3.100     0.926     0.010         2
     3.150     0.924     0.010         2
     3.200     0.899     0.010         2
     3.250     0.899     0.010         2
     3.300     0.877     0.010         2
     3.350     0.856     0.010         2
     3.400     0.865     0.010         2
     3.450     0.833     0.010         2
     3.500     0.817     0.010         2
     3.550     0.808     0.010         2
     3.600     0.803     0.010         2
     3.650     0.759     0.010         2
     3.700     0.744     0.010         2
     3.750     0.728     0.010         2
     3.800     0.729     0.010         2
     3.850     0.707     0.010         2
     3.900     0.665     0.010         2
     3.950     0.675     0.010         2
     4.000     0.653     0.010         2
     4.050     0.648     0.010         2
     4.100     0.640     0.010         2
     5.000     1.000     0.000         0
     5.050     0.049     0.010         1
     5.100     0.087     0.010         1
     5.150     0.094     0.010         1
     5.200     0.124     0.010         1
     5.250     0.157     0.010         1
     5.300     0.157     0.010         1
     5.350     0.192     0.010         1
     5.400     0.226     0.010         1
     5.450     0.241     0.010         1
     5.500     0.275     0.010         1
     5.550     0.277     0.010         1
     5.600     0.329     0.010         1
     5.650     0.356     0.010         1
     5.700     0.349     0.010         1
     5.750     0.373     0.010         1
     5.800     0.414     0.010         1
     5.850     0.436     0.010         1
     5.900     0.476     0.010         1
     5.950     0.495     0.010         1
     6.000     0.515     0.010         1
     6.050     0.541     0.010         1
     6.100     0.567     0.010         1
     6.150     0.595     0.010         1
     6.200     0.608     0.010         1
     6.250     0.635     0.010         1
     6.300     0.634     0.010         1
     6.350     0.674     0.010         1
     6.400     0.730     0.010         1
     6.450     0.739     0.010         1
     6.500     0.758     0.010         1
     6.550     0.776     0.010         1
     6.600     0.792     0.010         1
     6.650     0.843     0.010         1
     6.700     0.841     0.010         1
     6.750     0.857     0.010         1
     6.800     0.876     0.010         1
     6.850     0.904     0.010         1
     6.900     0.930     0.010         1
     6.950     0.947     0.010         1
     7.000     0.969     0.010         1
     7.050     1.007     0.010         1
     7.100     1.028     0.010         1
     7.150     1.042     0.010         1
     7.200     1.062     0.010         1
     7.250     1.082     0.010         1
     7.300     1.108     0.010         1
     7.350     1.150     0.010         1
     7.400     1.141     0.010         1
     7.450     1.187     0.010         1
     7.500     1.192     0.010         1
     7.550     1.217     0.010         1
     7.600     1.242     0.010         1
     7.650     1.265     0.010         1
     7.700     1.287     0.010         1
     7.750     1.308     0.010         1
     7.800     1.328     0.010         1
     7.850     1.348     0.010         1
     7.900     1.376     0.010         1
     7.950     1.402     0.010         1
     6.100     0.720     0.010         2
     6.150     0.722     0.010         2
     6.200     0.745     0.010         2
     6.250     0.761     0.010         2
     6.300     0.795     0.010         2
     6.350     0.793     0.010         2
     6.400     0.830     0.010         2
     6.450     0.865     0.010         2
     6.500     0.868     0.010         2
     6.550     0.906     0.010         2
     6.600     0.938     0.010         2
     6.650     0.945     0.010         2
     6.700     0.979     0.010         2
     6.750     0.976     0.010         2
     6.800     1.007     0.010         2
     6.850     1.013     0.010         2
     6.900     1.043     0.010         2
     6.950     1.052     0.010         2
     7.000     1.078     0.010         2
     7.050     1.102     0.010         2
     7.100     1.098     0.010         2
     7.150     1.125     0.010         2
     7.200     1.136     0.010         2
     7.250     1.151     0.010         2
     7.300     1.172     0.010         2
     7.350     1.175     0.010         2
     7.400     1.197     0.010         2
     7.450     1.227     0.010         2
     7.500     1.246     0.010         2
     7.550     1.249     0.010         2
     7.600     1.278     0.010         2
     7.650     1.295     0.010         2
     7.700     1.291     0.010         2
     7.750     1.324     0.010         2
     7.800     1.342     0.010         2
     7.850     1.364     0.010         2
     7.900     1.383     0.010         2
     7.950     1.416     0.010         2
     8.000     1.416     0.010         2
     6.000    -1.000     0.000         0
     3.050     1.482     0.010         1
     3.100     1.470     0.010         1
     3.150     1.452     0.010         1
     3.200     1.410     0.010         1
     3.250     1.367     0.010         1
     3.300     1.367     0.010         1
     3.350     1.342     0.010         1
     3.400     1.284     0.010         1
     3.450     1.285     0.010         1
     3.500     1.279     0.010         1
     3.550     1.231     0.010         1
     3.600     1.202     0.010         1
     3.650     1.184     0.010         1
     3.700     1.161     0.010         1
     3.750     1.145     0.010         1
     3.800     1.104     0.010         1
     3.850     1.086     0.010         1
     3.900     1.043     0.010         1
     3.950     1.049     0.010         1
     4.000     1.002     0.010         1
     4.050     0.975     0.010         1
     4.100     0.957     0.010         1
     4.150     0.949     0.010         1
     4.200     0.909     0.010         1
     4.250     0.892     0.010         1
     4.300     0.857     0.010         1
     4.350     0.822     0.010         1
     4.400     0.821     0.010         1
     4.450     0.800     0.010         1
     4.500     0.768     0.010         1
     4.550     0.740     0.010         1
     4.600     0.707     0.010         1
     4.650     0.688     0.010         1
     4.700     0.656     0.010         1
     4.750     0.655     0.010         1
     4.800     0.609     0.010         1
     4.850     0.609     0.010         1
     4.900     0.555     0.010         1
     4.950     0.537     0.010         1
     5.000     0.504     0.010         1
     5.050     0.477     0.010         1
     5.100     0.479     0.010         1
     5.150     0.450     0.010         1
     5.200     0.403     0.010         1
     5.250     0.378     0.010         1
     5.300     0.352     0.010         1
     5.350     0.336     0.010         1
     5.400     0.292     0.010         1
     5.450     0.291     0.010         1
     5.500     0.272     0.010         1
     5.550     0.248     0.010         1
     5.600     0.213     0.010         1
     5.650     0.185     0.010         1
     5.700     0.178     0.010         1
     5.750     0.125     0.010         1
     5.800     0.103     0.010         1
     5.850     0.097     0.010         1
     5.900     0.074     0.010         1
     5.950     0.040     0.010         1
     3.000     1.267     0.010         2
     3.050     1.256     0.010         2
     3.100     1.232     0.010         2
     3.150     1.250     0.010         2
     3.200     1.208     0.010         2
     3.250     1.212     0.010         2
     3.300     1.188     0.010         2
     3.350     1.152     0.010         2
     3.400     1.154     0.010         2
     3.450     1.144     0.010         2
     3.500     1.131     0.010         2
     3.550     1.121     0.010         2
     3.600     1.103     0.010         2
     3.650     1.082     0.010         2
     3.700     1.070     0.010         2
     3.750     1.058     0.010         2
     3.800     1.036     0.010         2
     3.850     1.032     0.010         2
     3.900     1.004     0.010         2
     3.950     0.990     0.010         2
     4.000     0.982     0.010         2
     4.050     0.952     0.010         2
     4.100     0.946     0.010         2
     4.150     0.953     0.010         2
     4.200     0.908     0.010         2
     4.250     0.891     0.010         2
     4.300     0.875     0.010         2
     4.350     0.882     0.010         2
     4.400     0.835     0.010         2
     4.450     0.839     0.010         2
     4.500     0.817     0.010         2
     4.550     0.811     0.010         2
     4.600     0.798     0.010         2
     4.650     0.778     0.010         2
     4.700     0.756     0.010         2
     4.750     0.750     0.010         2
     4.800     0.729     0.010         2
     4.850     0.714     0.010         2
     4.900     0.718     0.010         2
     4.950     0.658     0.010         2
     6.000     1.000     0.000         0
     6.050     0.043     0.010         1
     6.100     0.042     0.010         1
     6.150     0.090     0.010         1
     6.200     0.119     0.010         1
     6.250     0.150     0.010         1
     6.300     0.151     0.010         1
     6.350     0.181     0.010         1
     6.400     0.215     0.010         1
     6.450     0.218     0.010         1
     6.500     0.249     0.010         1
     6.550     0.277     0.010         1
     6.600     0.301     0.010         1
     6.650     0.324     0.010         1
     6.700     0.351     0.010         1
     6.750     0.372     0.010         1
     6.800     0.399     0.010         1
     6.850     0.424     0.010         1
     6.900     0.448     0.010         1
     6.950     0.475     0.010         1
     7.000     0.480     0.010         1
     7.050     0.517     0.010         1
     7.100     0.517     0.010         1
     7.150     0.547     0.010         1
     7.200     0.573     0.010         1
     7.250     0.592     0.010         1
     7.300     0.632     0.010         1
     7.350     0.627     0.010         1
     7.400     0.648     0.010         1
     7.450     0.679     0.010         1
     7.500     0.703     0.010         1
     7.550     0.722     0.010         1
     7.600     0.747     0.010         1
     7.650     0.771     0.010         1
     7.700     0.788     0.010         1
     7.750     0.812     0.010         1
     7.800     0.843     0.010         1
     7.850     0.861     0.010         1
     7.900     0.869     0.010         1
     7.950     0.902     0.010         1
     8.000     0.915     0.010         1
     8.050     0.950     0.010         1
     8.100     0.974     0.010         1
     8.150     0.981     0.010         1
     8.200     1.012     0.010         1
     8.250     1.041     0.010         1
     8.300     1.056     0.010         1
     8.350     1.086     0.010         1
     8.400     1.120     0.010         1
     8.450     1.124     0.010         1
     8.500     1.139     0.010         1
     8.550     1.173     0.010         1
     8.600     1.197     0.010         1
     8.650     1.189     0.010         1
     8.700     1.218     0.010         1
     8.750     1.234     0.010         1
     8.800     1.250     0.010         1
     8.850     1.305     0.010         1
     8.900     1.317     0.010         1
     8.950     1.351     0.010         1
     7.500     0.779     0.010         2
     7.550     0.785     0.010         2
     7.600     0.810     0.010         2
     7.650     0.827     0.010         2
     7.700     0.855     0.010         2
     7.750     0.861     0.010         2
     7.800     0.879     0.010         2
     7.850     0.896     0.010         2
     7.900     0.902     0.010         2
     7.950     0.927     0.010         2
     8.000     0.966     0.010         2
     8.050     0.976     0.010         2
     8.100     0.999     0.010         2
     8.150     1.004     0.010         2
     8.200     1.021     0.010         2
     8.250     1.051     0.010         2
     8.300     1.070     0.010         2
     8.350     1.087     0.010         2
     8.400     1.112     0.010         2
     8.450     1.144     0.010         2
     8.500     1.147     0.010         2
     8.550     1.162     0.010         2
     8.600     1.177     0.010         2
     8.650     1.209     0.010         2
     8.700     1.227     0.010         2
     8.750     1.234     0.010         2
     8.800     1.256     0.010         2
     8.850     1.270     0.010         2
     8.900     1.288     0.010         2
     8.950     1.296     0.010         2
     9.000     1.315     0.010         2
     7.000    -1.000     0.000         0
     4.050     1.450     0.010         1
     4.100     1.418     0.010         1
     4.150     1.405     0.010         1
     4.200     1.380     0.010         1
     4.250     1.373     0.010         1
     4.300     1.333     0.010         1
     4.350     1.316     0.010         1
     4.400     1.276     0.010         1
     4.450     1.262     0.010         1
     4.500     1.232     0.010         1
     4.550     1.204     0.010         1
     4.600     1.174     0.010         1
     4.650     1.147     0.010         1
     4.700     1.126     0.010         1
     4.750     1.116     0.010         1
     4.800     1.062     0.010         1
     4.850     1.063     0.010         1
     4.900     1.047     0.010         1
     4.950     1.011     0.010         1
     5.000     0.980     0.010         1
     5.050     0.960     0.010         1
     5.100     0.932     0.010         1
     5.150     0.923     0.010         1
     5.200     0.900     0.010         1
     5.250     0.842     0.010         1
     5.300     0.834     0.010         1
     5.350     0.809     0.010         1
     5.400     0.778     0.010         1
     5.450     0.743     0.010         1
     5.500     0.721     0.010         1
     5.550     0.721     0.010         1
     5.600     0.680     0.010         1
     5.650     0.666     0.010         1
     5.700     0.625     0.010         1
     5.750     0.608     0.010         1
     5.800     0.577     0.010         1
     5.850     0.547     0.010         1
     5.900     0.535     0.010         1
     5.950     0.499     0.010         1
     6.000     0.487     0.010         1
     6.050     0.458     0.010         1
     6.100     0.452     0.010         1
     6.150     0.407     0.010         1
     6.200     0.384     0.010         1
     6.250     0.377     0.010         1
     6.300     0.354     0.010         1
     6.350     0.329     0.010         1
     6.400     0.290     0.010         1
     6.450     0.249     0.010         1
     6.500     0.263     0.010         1
     6.550     0.208     0.010         1
     6.600     0.212     0.010         1
     6.650     0.160     0.010         1
     6.700     0.153     0.010         1
     6.750     0.143     0.010         1
     6.800     0.119     0.010         1
     6.850     0.077     0.010         1
     6.900     0.062     0.010         1
     6.950     0.036     0.010         1
     4.000     1.392     0.010         2
     4.050     1.393     0.010         2
     4.100     1.369     0.010         2
     4.150     1.333     0.010         2
     4.200     1.332     0.010         2
     4.250     1.308     0.010         2
     4.300     1.307     0.010         2
     4.350     1.271     0.010         2
     4.400     1.255     0.010         2
     4.450     1.260     0.010         2
     4.500     1.232     0.010         2
     4.550     1.251     0.010         2
     4.600     1.179     0.010         2
     4.650     1.183     0.010         2
     4.700     1.180     0.010         2
     4.750     1.183     0.010         2
     4.800     1.138     0.010         2
     4.850     1.127     0.010         2
     4.900     1.110     0.010         2
     4.950     1.099     0.010         2
     5.000     1.087     0.010         2
     5.050     1.055     0.010         2
     5.100     1.039     0.010         2
     5.150     1.006     0.010         2
     5.200     0.995     0.010         2
     5.250     0.962     0.010         2
     5.300     0.945     0.010         2
     5.350     0.934     0.010         2
     7.000     1.000     0.000         0
     7.050     0.035     0.010         1
     7.100     0.065     0.010         1
     7.150     0.085     0.010         1
     7.200     0.098     0.010         1
     7.250     0.116     0.010         1
     7.300     0.149     0.010         1
     7.350     0.179     0.010         1
     7.400     0.196     0.010         1
     7.450     0.223     0.010         1
     7.500     0.234     0.010         1
     7.550     0.271     0.010         1
     7.600     0.287     0.010         1
     7.650     0.307     0.010         1
     7.700     0.313     0.010         1
     7.750     0.375     0.010         1
     7.800     0.364     0.010         1
     7.850     0.380     0.010         1
     7.900     0.423     0.010         1
     7.950     0.450     0.010         1
     8.000     0.466     0.010         1
     8.050     0.487     0.010         1
     8.100     0.507     0.010         1
     8.150     0.514     0.010         1
     8.200     0.542     0.010         1
     8.250     0.584     0.010         1
     8.300     0.582     0.010         1
     8.350     0.621     0.010         1
     8.400     0.601     0.010         1
     8.450     0.666     0.010         1
     8.500     0.665     0.010         1
     8.550     0.708     0.010         1
     8.600     0.737     0.010         1
     8.650     0.742     0.010         1
     8.700     0.768     0.010         1
     8.750     0.778     0.010         1
     8.800     0.811     0.010         1
     8.850     0.823     0.010         1
     8.900     0.857     0.010         1
     8.950     0.849     0.010         1
     9.000     0.885     0.010         1
     9.050     0.899     0.010         1
     9.100     0.940     0.010         1
     9.150     0.927     0.010         1
     9.200     0.952     0.010         1
     9.250     0.975     0.010         1
     9.300     1.004     0.010         1
     9.350     1.019     0.010         1
     9.400     1.057     0.010         1
     9.450     1.091     0.010         1
     9.500     1.077     0.010         1
     9.550     1.115     0.010         1
     9.600     1.159     0.010         1
     9.650     1.156     0.010         1
     9.700     1.192     0.010         1
     9.750     1.206     0.010         1
     9.800     1.253     0.010         1
     9.850     1.241     0.010         1
     9.900     1.272     0.010         1
     9.950     1.278     0.010         1
     8.500     0.812     0.010         2
     8.550     0.816     0.010         2
     8.600     0.828     0.010         2
     8.650     0.860     0.010         2
     8.700     0.857     0.010         2
     8.750     0.882     0.010         2
     8.800     0.912     0.010         2
     8.850     0.927     0.010         2
     8.900     0.944     0.010         2
     8.950     0.952     0.010         2
     9.000     0.975     0.010         2
     9.050     1.001     0.010         2
     9.100     1.008     0.010         2
     9.150     1.012     0.010         2
     9.200     1.042     0.010         2
     9.250     1.040     0.010         2
     9.300     1.056     0.010         2
     9.350     1.091     0.010         2
     9.400     1.092     0.010         2
     9.450     1.119     0.010         2
     9.500     1.129     0.010         2
     9.550     1.138     0.010         2
     9.600     1.181     0.010         2
     9.650     1.187     0.010         2
     9.700     1.201     0.010         2
     9.750     1.210     0.010         2
     9.800     1.218     0.010         2
     9.850     1.228     0.010         2
     9.900     1.264     0.010         2
     8.000    -1.000     0.000         0
     5.050     1.386     0.010         1
     5.100     1.364     0.010         1
     5.150     1.371     0.010         1
     5.200     1.295     0.010         1
     5.250     1.284     0.010         1
     5.300     1.255     0.010         1
     5.350     1.231     0.010         1
     5.400     1.210     0.010         1
     5.450     1.199     0.010         1
     5.500     1.154     0.010         1
     5.550     1.148     0.010         1
     5.600     1.111     0.010         1
     5.650     1.090     0.010         1
     5.700     1.084     0.010         1
     5.750     1.036     0.010         1
     5.800     1.021     0.010         1
     5.850     1.015     0.010         1
     5.900     0.971     0.010         1
     5.950     0.960     0.010         1
     6.000     0.922     0.010         1
     6.050     0.898     0.010         1
     6.100     0.872     0.010         1
     6.150     0.861     0.010         1
     6.200     0.842     0.010         1
     6.250     0.821     0.010         1
     6.300     0.784     0.010         1
     6.350     0.757     0.010         1
     6.400     0.733     0.010         1
     6.450     0.711     0.010         1
     6.500     0.688     0.010         1
     6.550     0.651     0.010         1
     6.600     0.631     0.010         1
     6.650     0.611     0.010         1
     6.700     0.605     0.010         1
     6.750     0.568     0.010         1
     6.800     0.566     0.010         1
     6.850     0.531     0.010         1
     6.900     0.506     0.010         1
     6.950     0.461     0.010         1
     7.000     0.445     0.010         1
     7.050     0.449     0.010         1
     7.100     0.420     0.010         1
     7.150     0.406     0.010         1
     7.200     0.374     0.010         1
     7.250     0.339     0.010         1
     7.300     0.338     0.010         1
     7.350     0.321     0.010         1
     7.400     0.290     0.010         1
     7.450     0.272     0.010         1
     7.500     0.232     0.010         1
     7.550     0.216     0.010         1
     7.600     0.184     0.010         1
     7.650     0.163     0.010         1
     7.700     0.155     0.010         1
     7.750     0.139     0.010         1
     7.800     0.101     0.010         1
     7.850     0.086     0.010         1
     7.900     0.072     0.010         1
     7.950     0.051     0.010         1
     5.000     1.409     0.010         2
     5.050     1.409     0.010         2
     5.100     1.364     0.010         2
     5.150     1.348     0.010         2
     5.200     1.324     0.010         2
     5.250     1.294     0.010         2
     5.300     1.286     0.010         2
     5.350     1.247     0.010         2
     5.400     1.242     0.010         2
     5.450     1.214     0.010         2
     5.500     1.208     0.010         2
     5.550     1.167     0.010         2
     5.600     1.152     0.010         2
     5.650     1.100     0.010         2
     5.700     1.100     0.010         2
     5.750     1.087     0.010         2
     5.800     1.046     0.010         2
     5.850     1.021     0.010         2
     5.900     0.998     0.010         2
     5.950     0.972     0.010         2
     6.000     0.964     0.010         2
     6.050     0.923     0.010         2
     6.100     0.912     0.010         2
     6.150     0.871     0.010         2
     6.200     0.876     0.010         2
     6.250     0.846     0.010         2
     6.300     0.839     0.010         2
     6.350     0.814     0.010         2
     6.400     0.808     0.010         2
     6.450     0.758     0.010         2
     6.500     0.769     0.010         2
     8.000     1.000     0.000         0
     8.050     0.052     0.010         1
     8.100     0.078     0.010         1
     8.150     0.106     0.010         1
     8.200     0.117     0.010         1
     8.250     0.130     0.010         1
     8.300     0.153     0.010         1
     8.350     0.159     0.010         1
     8.400     0.196     0.010         1
     8.450     0.206     0.010         1
     8.500     0.237     0.010         1
     8.550     0.262     0.010         1
     8.600     0.286     0.010         1
     8.650     0.293     0.010         1
     8.700     0.320     0.010         1
     8.750     0.345     0.010         1
     8.800     0.347     0.010         1
     8.850     0.373     0.010         1
     8.900     0.398     0.010         1
     8.950     0.431     0.010         1
     9.000     0.427     0.010         1
     9.050     0.445     0.010         1
     9.100     0.488     0.010         1
     9.150     0.496     0.010         1
     9.200     0.507     0.010         1
     9.250     0.562     0.010         1
     9.300     0.563     0.010         1
     9.350     0.584     0.010         1
     9.400     0.599     0.010         1
     9.450     0.625     0.010         1
     9.500     0.627     0.010         1
     9.550     0.669     0.010         1
     9.600     0.683     0.010         1
     9.650     0.718     0.010         1
     9.700     0.741     0.010         1
     9.750     0.756     0.010         1
     9.800     0.788     0.010         1
     9.850     0.802     0.010         1
     9.900     0.829     0.010         1
     9.950     0.861     0.010         1
     9.300     0.661     0.010         2
     9.350     0.700     0.010         2
     9.400     0.701     0.010         2
     9.450     0.746     0.010         2
     9.500     0.726     0.010         2
     9.550     0.746     0.010         2
     9.600     0.779     0.010         2
     9.650     0.793     0.010         2
     9.700     0.807     0.010         2
     9.750     0.824     0.010         2
     9.800     0.848     0.010         2
     9.850     0.846     0.010         2
     9.900     0.881     0.010         2
     9.000    -1.000     0.000         0
     6.050     1.323     0.010         1
     6.100     1.291     0.010         1
     6.150     1.277     0.010         1
     6.200     1.251     0.010         1
     6.250     1.217     0.010         1
     6.300     1.211     0.010         1
     6.350     1.184     0.010         1
     6.400     1.160     0.010         1
     6.450     1.134     0.010         1
     6.500     1.111     0.010         1
     6.550     1.076     0.010         1
     6.600     1.057     0.010         1
     6.650     1.054     0.010         1
     6.700     1.028     0.010         1
     6.750     1.008     0.010         1
     6.800     0.968     0.010         1
     6.850     0.958     0.010         1
     6.900     0.924     0.010         1
     6.950     0.901     0.010         1
     7.000     0.891     0.010         1
     7.050     0.865     0.010         1
     7.100     0.841     0.010         1
     7.150     0.834     0.010         1
     7.200     0.794     0.010         1
     7.250     0.774     0.010         1
     7.300     0.745     0.010         1
     7.350     0.724     0.010         1
     7.400     0.699     0.010         1
     7.450     0.691     0.010         1
     7.500     0.670     0.010         1
     7.550     0.653     0.010         1
     7.600     0.605     0.010         1
     7.650     0.593     0.010         1
     7.700     0.572     0.010         1
     7.750     0.547     0.010         1
     7.800     0.529     0.010         1
     7.850     0.505     0.010         1
     7.900     0.477     0.010         1
     7.950     0.478     0.010         1
     8.000     0.437     0.010         1
     8.050     0.428     0.010         1
     8.100     0.413     0.010         1
     8.150     0.379     0.010         1
     8.200     0.350     0.010         1
     8.250     0.351     0.010         1
     8.300     0.307     0.010         1
     8.350     0.294     0.010         1
     8.400     0.266     0.010         1
     8.450     0.240     0.010         1
     8.500     0.222     0.010         1
     8.550     0.222     0.010         1
     8.600     0.179     0.010         1
     8.650     0.153     0.010         1
     8.700     0.122     0.010         1
     8.750     0.131     0.010         1
     8.800     0.094     0.010         1
     8.850     0.087     0.010         1
     8.900     0.056     0.010         1
     8.950     0.034     0.010         1
     6.000     1.330     0.010         2
     6.050     1.316     0.010         2
     6.100     1.283     0.010         2
     6.150     1.263     0.010         2
     6.200     1.232     0.010         2
     6.250     1.226     0.010         2
     6.300     1.194     0.010         2
     6.350     1.181     0.010         2
     6.400     1.154     0.010         2
     6.450     1.150     0.010         2
     6.500     1.144     0.010         2
     6.550     1.125     0.010         2
     6.600     1.092     0.010         2
     6.650     1.078     0.010         2
     6.700     1.055     0.010         2
     6.750     1.048     0.010         2
     6.800     1.035     0.010         2
     6.850     1.009     0.010         2
     6.900     0.981     0.010         2
     6.950     0.994     0.010         2
     7.000     0.994     0.010         2
     7.050     0.963     0.010         2
     7.100     0.951     0.010         2
     7.150     0.943     0.010         2
     7.200     0.905     0.010         2
     7.250     0.892     0.010         2
     7.300     0.848     0.010         2
     7.350     0.834     0.010         2
     7.400     0.805     0.010         2
     7.450     0.807     0.010         2
     7.500     0.783     0.010         2
     7.550     0.773     0.010         2
     7.600     0.741     0.010         2
     9.000     1.000     0.000         0
     9.050     0.029     0.010         1
     9.100     0.059     0.010         1
     9.150     0.059     0.010         1
     9.200     0.109     0.010         1
     9.250     0.125     0.010         1
     9.300     0.133     0.010         1
     9.350     0.166     0.010         1
     9.400     0.197     0.010         1
     9.450     0.200     0.010         1
     9.500     0.241     0.010         1
     9.550     0.247     0.010         1
     9.600     0.285     0.010         1
     9.650     0.281     0.010         1
     9.700     0.315     0.010         1
     9.750     0.339     0.010         1
     9.800     0.358     0.010         1
     9.850     0.391     0.010         1
     9.900     0.387     0.010         1
     9.950     0.424     0.010         1
    10.000    -1.000     0.000         0
     7.050     1.282     0.010         1
     7.100     1.260     0.010         1
     7.150     1.250     0.010         1
     7.200     1.221     0.010         1
     7.250     1.214     0.010         1
     7.300     1.190     0.010         1
     7.350     1.145     0.010         1
     7.400     1.133     0.010         1
     7.450     1.133     0.010         1
     7.500     1.086     0.010         1
     7.550     1.074     0.010         1
     7.600     1.054     0.010         1
     7.650     1.025     0.010         1
     7.700     0.999     0.010         1
     7.750     1.012     0.010         1
     7.800     0.967     0.010         1
     7.850     0.947     0.010         1
     7.900     0.920     0.010         1
     7.950     0.878     0.010         1
     8.000     0.852     0.010         1
     8.050     0.841     0.010         1
     8.100     0.822     0.010         1
     8.150     0.803     0.010         1
     8.200     0.775     0.010         1
     8.250     0.760     0.010         1
     8.300     0.754     0.010         1
     8.350     0.710     0.010         1
     8.400     0.697     0.010         1
     8.450     0.669     0.010         1
     8.500     0.640     0.010         1
     8.550     0.652     0.010         1
     8.600     0.595     0.010         1
     8.650     0.582     0.010         1
     8.700     0.570     0.010         1
     8.750     0.567     0.010         1
     8.800     0.532     0.010         1
     8.850     0.538     0.010         1
     8.900     0.503     0.010         1
     8.950     0.471     0.010         1
     9.000     0.461     0.010         1
     9.050     0.441     0.010         1
     9.100     0.402     0.010         1
     9.150     0.384     0.010         1
     9.200     0.375     0.010         1
     9.250     0.370     0.010         1
     9.300     0.340     0.010         1
     9.350     0.307     0.010         1
     9.400     0.285     0.010         1
     9.450     0.258     0.010         1
     9.500     0.254     0.010         1
     9.550     0.220     0.010         1
     9.600     0.175     0.010         1
     9.650     0.171     0.010         1
     9.700     0.165     0.010         1
     9.750     0.139     0.010         1
     9.800     0.101     0.010         1
     9.850     0.082     0.010         1
     9.900     0.065     0.010         1
     9.950     0.039     0.010         1
     7.000     1.290     0.010         2
     7.050     1.281     0.010         2
     7.100     1.259     0.010         2
     7.150     1.238     0.010         2
     7.200     1.224     0.010         2
     7.250     1.198     0.010         2
     7.300     1.188     0.010         2
     7.350     1.160     0.010         2
     7.400     1.139     0.010         2
     7.450     1.108     0.010         2
     7.500     1.124     0.010         2
     7.550     1.084     0.010         2
     7.600     1.075     0.010         2
     7.650     1.056     0.010         2
     7.700     1.045     0.010         2
     7.750     1.019     0.010         2
     7.800     0.972     0.010         2
     7.850     0.971     0.010         2
     7.900     0.961     0.010         2
     7.950     0.927     0.010         2
     8.000     0.910     0.010         2
     8.050     0.894     0.010         2
     8.100     0.871     0.010         2
     8.150     0.855     0.010         2
     8.200     0.845     0.010         2
     8.250     0.831     0.010         2
     8.300     0.801     0.010         2
     8.350     0.794     0.010         2
     8.400     0.784     0.010         2
     8.450     0.739     0.010         2
     8.500     0.718     0.010         2
     8.550     0.743     0.010         2
     8.600     0.715     0.010         2
     8.650     0.676     0.010         2
     8.700     0.670     0.010         2
     8.750     0.670     0.010         2
     8.800     0.653     0.010         2
     8.850     0.650     0.010         2
     8.900     0.613     0.010         2
     8.950     0.594     0.010         2
     9.000     0.582     0.010         2
     0.000     0.000     0.000        -1
