     0.010     1.000     0.000         0
     0.100     1.218     0.010         1
     0.150     1.214     0.010         1
     0.200     1.213     0.010         1
     0.250     1.188     0.010         1
     0.300     1.198     0.010         1
     0.350     1.202     0.010         1
     0.400     1.186     0.010         1
     0.450     1.199     0.010         1
     0.500     1.177     0.010         1
     0.550     1.187     0.010         1
     0.600     1.149     0.010         1
     0.650     1.169     0.010         1
     0.700     1.151     0.010         1
     0.750     1.165     0.010         1
     0.800     1.177     0.010         1
     0.850     1.145     0.010         1
     0.900     1.159     0.010         1
     0.950     1.166     0.010         1
     1.000     1.165     0.010         1
     1.050     1.167     0.010         1
     1.100     1.153     0.010         1
     1.150     1.158     0.010         1
     1.200     1.187     0.010         1
     1.250     1.184     0.010         1
     1.300     1.202     0.010         1
     1.350     1.196     0.010         1
     1.400     1.210     0.010         1
     1.450     1.204     0.010         1
     1.500     1.227     0.010         1
     1.550     1.239     0.010         1
     1.600     1.228     0.010         1
     1.650     1.242     0.010         1
     1.700     1.250     0.010         1
     1.750     1.283     0.010         1
     1.800     1.277     0.010         1
     1.850     1.271     0.010         1
     1.900     1.289     0.010         1
     1.950     1.279     0.010         1
     2.000     1.298     0.010         1
     2.050     1.284     0.010         1
     2.100     1.304     0.010         1
     2.150     1.338     0.010         1
     2.200     1.339     0.010         1
     2.250     1.333     0.010         1
     2.300     1.357     0.010         1
     2.350     1.341     0.010         1
     2.400     1.357     0.010         1
     2.450     1.367     0.010         1
     2.500     1.376     0.010         1
     2.550     1.389     0.010         1
     2.600     1.384     0.010         1
     2.650     1.415     0.010         1
     2.700     1.425     0.010         1
     2.750     1.442     0.010         1
     2.800     1.452     0.010         1
     2.850     1.454     0.010         1
     2.900     1.475     0.010         1
     2.950     1.477     0.010         1
     3.000     1.504     0.010         1
     0.050     1.515     0.010         2
     0.100     1.510     0.010         2
     0.150     1.499     0.010         2
     0.200     1.478     0.010         2
     0.250     1.483     0.010         2
     0.300     1.478     0.010         2
     0.350     1.463     0.010         2
     0.400     1.450     0.010         2
     0.450     1.448     0.010         2
     0.500     1.445     0.010         2
     0.550     1.450     0.010         2
     0.600     1.444     0.010         2
     0.650     1.417     0.010         2
     0.700     1.415     0.010         2
     0.750     1.411     0.010         2
     0.800     1.415     0.010         2
     0.850     1.401     0.010         2
     0.900     1.393     0.010         2
     0.950     1.385     0.010         2
     1.000     1.398     0.010         2
     1.050     1.397     0.010         2
     1.100     1.397     0.010         2
     1.150     1.403     0.010         2
     1.200     1.387     0.010         2
     1.250     1.410     0.010         2
     1.300     1.385     0.010         2
     1.350     1.390     0.010         2
     1.400     1.418     0.010         2
     1.450     1.414     0.010         2
     1.500     1.394     0.010         2
     1.550     1.425     0.010         2
     1.600     1.409     0.010         2
     1.650     1.406     0.010         2
     1.700     1.417     0.010         2
     1.750     1.421     0.010         2
     1.800     1.426     0.010         2
     1.850     1.428     0.010         2
     1.900     1.447     0.010         2
     1.950     1.444     0.010         2
     2.000     1.446     0.010         2
     2.050     1.448     0.010         2
     2.100     1.441     0.010         2
     2.150     1.451     0.010         2
     2.200     1.476     0.010         2
     2.250     1.473     0.010         2
     2.300     1.460     0.010         2
     2.350     1.470     0.010         2
     2.400     1.469     0.010         2
     2.450     1.481     0.010         2
     2.500     1.505     0.010         2
     2.550     1.497     0.010         2
     2.600     1.504     0.010         2
     2.650     1.526     0.010         2
     2.700     1.538     0.010         2
     2.750     1.550     0.010         2
     2.800     1.538     0.010         2
     2.850     1.556     0.010         2
     2.900     1.551     0.010         2
     2.950     1.580     0.010         2
     3.000     1.578     0.010         2
     1.010    -1.000     0.000         0
     0.050     1.159     0.010         1
     0.100     1.127     0.010         1
     0.150     1.106     0.010         1
     0.200     1.115     0.010         1
     0.250     1.107     0.010         1
     0.300     1.091     0.010         1
     0.350     1.091     0.010         1
     0.400     1.067     0.010         1
     0.450     1.057     0.010         1
     0.500     1.042     0.010         1
     0.550     1.052     0.010         1
     0.600     1.031     0.010         1
     0.650     1.024     0.010         1
     0.700     0.995     0.010         1
     0.750     1.002     0.010         1
     0.800     1.011     0.010         1
     0.850     1.002     0.010         1
     0.050     1.380     0.010         2
     0.100     1.360     0.010         2
     0.150     1.348     0.010         2
     0.200     1.347     0.010         2
     0.250     1.339     0.010         2
     0.300     1.324     0.010         2
     0.350     1.316     0.010         2
     1.010     1.000     0.000         0
     0.900     0.985     0.010         1
     0.950     0.980     0.010         1
     1.000     0.964     0.010         1
     1.050     0.981     0.010         1
     1.100     0.958     0.010         1
     1.150     0.961     0.010         1
     1.200     0.957     0.010         1
     1.250     0.960     0.010         1
     1.300     0.959     0.010         1
     1.350     0.947     0.010         1
     1.400     0.965     0.010         1
     1.450     0.951     0.010         1
     1.500     0.977     0.010         1
     1.550     0.973     0.010         1
     1.600     0.946     0.010         1
     1.650     0.954     0.010         1
     1.700     0.955     0.010         1
     1.750     0.957     0.010         1
     1.800     0.962     0.010         1
     1.850     0.974     0.010         1
     1.900     0.972     0.010         1
     1.950     0.965     0.010         1
     2.000     0.969     0.010         1
     2.050     0.974     0.010         1
     2.100     1.000     0.010         1
     2.150     0.984     0.010         1
     2.200     0.994     0.010         1
     2.250     1.023     0.010         1
     2.300     1.007     0.010         1
     2.350     0.991     0.010         1
     2.400     1.012     0.010         1
     2.450     1.023     0.010         1
     2.500     1.021     0.010         1
     2.550     1.042     0.010         1
     2.600     1.047     0.010         1
     2.650     1.040     0.010         1
     2.700     1.052     0.010         1
     2.750     1.077     0.010         1
     2.800     1.066     0.010         1
     2.850     1.100     0.010         1
     2.900     1.106     0.010         1
     2.950     1.086     0.010         1
     3.000     1.090     0.010         1
     3.050     1.131     0.010         1
     3.100     1.122     0.010         1
     3.150     1.174     0.010         1
     3.200     1.173     0.010         1
     3.250     1.185     0.010         1
     3.300     1.183     0.010         1
     3.350     1.202     0.010         1
     3.400     1.209     0.010         1
     3.450     1.240     0.010         1
     3.500     1.242     0.010         1
     3.550     1.262     0.010         1
     3.600     1.263     0.010         1
     3.650     1.284     0.010         1
     3.700     1.307     0.010         1
     3.750     1.317     0.010         1
     3.800     1.331     0.010         1
     3.850     1.361     0.010         1
     3.900     1.367     0.010         1
     3.950     1.378     0.010         1
     4.000     1.401     0.010         1
     0.400     1.299     0.010         2
     0.450     1.271     0.010         2
     0.500     1.270     0.010         2
     0.550     1.269     0.010         2
     0.600     1.253     0.010         2
     0.650     1.229     0.010         2
     0.700     1.239     0.010         2
     0.750     1.224     0.010         2
     0.800     1.203     0.010         2
     0.850     1.193     0.010         2
     0.900     1.165     0.010         2
     0.950     1.165     0.010         2
     1.000     1.162     0.010         2
     1.050     1.161     0.010         2
     1.100     1.157     0.010         2
     1.150     1.141     0.010         2
     1.200     1.166     0.010         2
     1.250     1.138     0.010         2
     1.300     1.160     0.010         2
     1.350     1.156     0.010         2
     1.400     1.141     0.010         2
     1.450     1.141     0.010         2
     1.500     1.134     0.010         2
     1.550     1.153     0.010         2
     1.600     1.129     0.010         2
     1.650     1.136     0.010         2
     1.700     1.127     0.010         2
     1.750     1.133     0.010         2
     1.800     1.139     0.010         2
     1.850     1.137     0.010         2
     1.900     1.151     0.010         2
     1.950     1.120     0.010         2
     2.000     1.122     0.010         2
     2.050     1.149     0.010         2
     2.100     1.158     0.010         2
     2.150     1.133     0.010         2
     2.200     1.143     0.010         2
     2.250     1.155     0.010         2
     2.300     1.129     0.010         2
     2.350     1.158     0.010         2
     2.400     1.163     0.010         2
     2.450     1.173     0.010         2
     2.500     1.177     0.010         2
     2.550     1.184     0.010         2
     2.600     1.184     0.010         2
     2.650     1.174     0.010         2
     2.700     1.178     0.010         2
     2.750     1.178     0.010         2
     2.800     1.193     0.010         2
     2.850     1.199     0.010         2
     2.900     1.173     0.010         2
     2.950     1.208     0.010         2
     3.000     1.201     0.010         2
     3.050     1.214     0.010         2
     3.100     1.231     0.010         2
     3.150     1.253     0.010         2
     3.200     1.253     0.010         2
     3.250     1.270     0.010         2
     3.300     1.271     0.010         2
     3.350     1.275     0.010         2
     3.400     1.314     0.010         2
     3.450     1.321     0.010         2
     3.500     1.319     0.010         2
     3.550     1.337     0.010         2
     3.600     1.352     0.010         2
     3.650     1.355     0.010         2
     3.700     1.361     0.010         2
     3.750     1.387     0.010         2
     3.800     1.396     0.010         2
     3.850     1.425     0.010         2
     3.900     1.424     0.010         2
     3.950     1.436     0.010         2
     4.000     1.436     0.010         2
     2.010    -1.000     0.000         0
     0.050     1.270     0.010         1
     0.100     1.273     0.010         1
     0.150     1.255     0.010         1
     0.200     1.234     0.010         1
     0.250     1.200     0.010         1
     0.300     1.183     0.010         1
     0.350     1.164     0.010         1
     0.400     1.154     0.010         1
     0.450     1.118     0.010         1
     0.500     1.107     0.010         1
     0.550     1.116     0.010         1
     0.600     1.085     0.010         1
     0.650     1.095     0.010         1
     0.700     1.056     0.010         1
     0.750     1.041     0.010         1
     0.800     1.033     0.010         1
     0.850     1.018     0.010         1
     0.900     1.006     0.010         1
     0.950     1.005     0.010         1
     1.000     0.999     0.010         1
     1.050     0.970     0.010         1
     1.100     0.963     0.010         1
     1.150     0.954     0.010         1
     1.200     0.941     0.010         1
     1.250     0.958     0.010         1
     1.300     0.936     0.010         1
     1.350     0.935     0.010         1
     1.400     0.923     0.010         1
     1.450     0.928     0.010         1
     1.500     0.910     0.010         1
     1.550     0.891     0.010         1
     1.600     0.887     0.010         1
     1.650     0.896     0.010         1
     1.700     0.888     0.010         1
     0.050     1.427     0.010         2
     0.100     1.407     0.010         2
     0.150     1.386     0.010         2
     0.200     1.370     0.010         2
     0.250     1.368     0.010         2
     0.300     1.356     0.010         2
     0.350     1.312     0.010         2
     0.400     1.308     0.010         2
     0.450     1.272     0.010         2
     0.500     1.288     0.010         2
     0.550     1.274     0.010         2
     0.600     1.256     0.010         2
     0.650     1.233     0.010         2
     0.700     1.222     0.010         2
     0.750     1.210     0.010         2
     0.800     1.201     0.010         2
     0.850     1.186     0.010         2
     0.900     1.154     0.010         2
     0.950     1.135     0.010         2
     1.000     1.150     0.010         2
     1.050     1.137     0.010         2
     1.100     1.131     0.010         2
     1.150     1.127     0.010         2
     1.200     1.131     0.010         2
     1.250     1.108     0.010         2
     1.300     1.098     0.010         2
     1.350     1.082     0.010         2
     2.010     1.000     0.000         0
     1.800     0.886     0.010         1
     1.850     0.894     0.010         1
     1.900     0.872     0.010         1
     1.950     0.887     0.010         1
     2.000     0.880     0.010         1
     2.050     0.870     0.010         1
     2.100     0.872     0.010         1
     2.150     0.852     0.010         1
     2.200     0.903     0.010         1
     2.250     0.858     0.010         1
     2.300     0.879     0.010         1
     2.350     0.875     0.010         1
     2.400     0.868     0.010         1
     2.450     0.877     0.010         1
     2.500     0.867     0.010         1
     2.550     0.871     0.010         1
     2.600     0.875     0.010         1
     2.650     0.887     0.010         1
     2.700     0.894     0.010         1
     2.750     0.881     0.010         1
     2.800     0.880     0.010         1
     2.850     0.900     0.010         1
     2.900     0.904     0.010         1
     2.950     0.906     0.010         1
     3.000     0.910     0.010         1
     3.050     0.913     0.010         1
     3.100     0.930     0.010         1
     3.150     0.941     0.010         1
     3.200     0.960     0.010         1
     3.250     0.971     0.010         1
     3.300     0.967     0.010         1
     3.350     0.982     0.010         1
     3.400     0.987     0.010         1
     3.450     1.014     0.010         1
     3.500     1.017     0.010         1
     3.550     1.038     0.010         1
     3.600     1.060     0.010         1
     3.650     1.041     0.010         1
     3.700     1.073     0.010         1
     3.750     1.088     0.010         1
     3.800     1.085     0.010         1
     3.850     1.099     0.010         1
     3.900     1.125     0.010         1
     3.950     1.133     0.010         1
     4.000     1.154     0.010         1
     4.050     1.160     0.010         1
     4.100     1.187     0.010         1
     4.150     1.193     0.010         1
     4.200     1.196     0.010         1
     4.250     1.228     0.010         1
     4.300     1.236     0.010         1
     4.350     1.256     0.010         1
     4.400     1.279     0.010         1
     4.450     1.292     0.010         1
     4.500     1.322     0.010         1
     4.550     1.335     0.010         1
     4.600     1.344     0.010         1
     4.650     1.359     0.010         1
     4.700     1.369     0.010         1
     4.750     1.395     0.010         1
     4.800     1.429     0.010         1
     4.850     1.444     0.010         1
     4.900     1.451     0.010         1
     4.950     1.474     0.010         1
     5.000     1.494     0.010         1
     1.400     1.079     0.010         2
     1.450     1.093     0.010         2
     1.500     1.042     0.010         2
     1.550     1.055     0.010         2
     1.600     1.052     0.010         2
     1.650     1.040     0.010         2
     1.700     1.051     0.010         2
     1.750     1.049     0.010         2
     1.800     1.044     0.010         2
     1.850     1.054     0.010         2
     1.900     1.047     0.010         2
     1.950     1.051     0.010         2
     2.000     1.012     0.010         2
     2.050     1.012     0.010         2
     2.100     1.016     0.010         2
     2.150     1.013     0.010         2
     2.200     1.018     0.010         2
     2.250     1.012     0.010         2
     2.300     1.023     0.010         2
     2.350     1.021     0.010         2
     2.400     1.030     0.010         2
     2.450     1.009     0.010         2
     2.500     0.992     0.010         2
     2.550     1.012     0.010         2
     2.600     1.006     0.010         2
     2.650     1.018     0.010         2
     2.700     1.013     0.010         2
     2.750     1.019     0.010         2
     2.800     1.014     0.010         2
     2.850     1.035     0.010         2
     2.900     1.024     0.010         2
     2.950     1.016     0.010         2
     3.000     1.047     0.010         2
     3.050     1.056     0.010         2
     3.100     1.043     0.010         2
     3.150     1.044     0.010         2
     3.200     1.071     0.010         2
     3.250     1.062     0.010         2
     3.300     1.084     0.010         2
     3.350     1.083     0.010         2
     3.400     1.100     0.010         2
     3.450     1.122     0.010         2
     3.500     1.115     0.010         2
     3.550     1.128     0.010         2
     3.600     1.127     0.010         2
     3.650     1.153     0.010         2
     3.700     1.157     0.010         2
     3.750     1.171     0.010         2
     3.800     1.178     0.010         2
     3.850     1.194     0.010         2
     3.900     1.199     0.010         2
     3.950     1.236     0.010         2
     4.000     1.251     0.010         2
     4.050     1.237     0.010         2
     4.100     1.254     0.010         2
     4.150     1.254     0.010         2
     4.200     1.307     0.010         2
     4.250     1.302     0.010         2
     4.300     1.340     0.010         2
     4.350     1.335     0.010         2
     4.400     1.350     0.010         2
     4.450     1.359     0.010         2
     4.500     1.385     0.010         2
     4.550     1.393     0.010         2
     4.600     1.405     0.010         2
     4.650     1.407     0.010         2
     4.700     1.442     0.010         2
     4.750     1.443     0.010         2
     4.800     1.472     0.010         2
     4.850     1.488     0.010         2
     4.900     1.495     0.010         2
     4.950     1.527     0.010         2
     5.000     1.519     0.010         2
     3.010    -1.000     0.000         0
     0.050     1.482     0.010         1
     0.100     1.460     0.010         1
     0.150     1.438     0.010         1
     0.200     1.400     0.010         1
     0.250     1.380     0.010         1
     0.300     1.368     0.010         1
     0.350     1.348     0.010         1
     0.400     1.345     0.010         1
     0.450     1.309     0.010         1
     0.500     1.306     0.010         1
     0.550     1.277     0.010         1
     0.600     1.260     0.010         1
     0.650     1.242     0.010         1
     0.700     1.216     0.010         1
     0.750     1.196     0.010         1
     0.800     1.155     0.010         1
     0.850     1.168     0.010         1
     0.900     1.141     0.010         1
     0.950     1.136     0.010         1
     1.000     1.111     0.010         1
     1.050     1.094     0.010         1
     1.100     1.099     0.010         1
     1.150     1.082     0.010         1
     1.200     1.071     0.010         1
     1.250     1.064     0.010         1
     1.300     1.063     0.010         1
     1.350     1.038     0.010         1
     1.400     1.023     0.010         1
     1.450     1.017     0.010         1
     1.500     1.001     0.010         1
     1.550     0.988     0.010         1
     1.600     0.982     0.010         1
     1.650     0.973     0.010         1
     1.700     0.962     0.010         1
     1.750     0.955     0.010         1
     1.800     0.962     0.010         1
     1.850     0.945     0.010         1
     1.900     0.914     0.010         1
     1.950     0.916     0.010         1
     2.000     0.897     0.010         1
     2.050     0.919     0.010         1
     2.100     0.900     0.010         1
     2.150     0.895     0.010         1
     2.200     0.880     0.010         1
     2.250     0.869     0.010         1
     2.300     0.876     0.010         1
     2.350     0.873     0.010         1
     2.400     0.865     0.010         1
     2.450     0.853     0.010         1
     2.500     0.838     0.010         1
     2.550     0.843     0.010         1
     2.600     0.846     0.010         1
     2.650     0.841     0.010         1
     2.700     0.840     0.010         1
     2.750     0.824     0.010         1
     2.800     0.846     0.010         1
     2.850     0.824     0.010         1
     2.900     0.833     0.010         1
     2.950     0.829     0.010         1
     3.000     0.807     0.010         1
     0.050     1.567     0.010         2
     0.100     1.545     0.010         2
     0.150     1.518     0.010         2
     0.200     1.506     0.010         2
     0.250     1.474     0.010         2
     0.300     1.476     0.010         2
     0.350     1.437     0.010         2
     0.400     1.429     0.010         2
     0.450     1.405     0.010         2
     0.500     1.405     0.010         2
     0.550     1.385     0.010         2
     0.600     1.366     0.010         2
     0.650     1.332     0.010         2
     0.700     1.331     0.010         2
     0.750     1.290     0.010         2
     0.800     1.289     0.010         2
     0.850     1.267     0.010         2
     0.900     1.259     0.010         2
     0.950     1.230     0.010         2
     1.000     1.232     0.010         2
     1.050     1.193     0.010         2
     1.100     1.191     0.010         2
     1.150     1.198     0.010         2
     1.200     1.156     0.010         2
     1.250     1.159     0.010         2
     1.300     1.134     0.010         2
     1.350     1.151     0.010         2
     1.400     1.121     0.010         2
     1.450     1.119     0.010         2
     1.500     1.104     0.010         2
     1.550     1.115     0.010         2
     1.600     1.088     0.010         2
     1.650     1.086     0.010         2
     1.700     1.081     0.010         2
     1.750     1.070     0.010         2
     1.800     1.065     0.010         2
     1.850     1.064     0.010         2
     1.900     1.043     0.010         2
     1.950     1.035     0.010         2
     2.000     1.030     0.010         2
     2.050     1.019     0.010         2
     2.100     1.011     0.010         2
     2.150     1.019     0.010         2
     2.200     0.990     0.010         2
     2.250     1.014     0.010         2
     2.300     0.986     0.010         2
     2.350     0.974     0.010         2
     2.400     0.979     0.010         2
     2.450     0.971     0.010         2
     2.500     0.976     0.010         2
     2.550     0.959     0.010         2
     2.600     0.960     0.010         2
     2.650     0.965     0.010         2
     2.700     0.953     0.010         2
     2.750     0.955     0.010         2
     2.800     0.937     0.010         2
     2.850     0.956     0.010         2
     2.900     0.934     0.010         2
     2.950     0.955     0.010         2
     3.010     1.000     0.000         0
     3.050     0.855     0.010         1
     3.100     0.837     0.010         1
     3.150     0.830     0.010         1
     3.200     0.838     0.010         1
     3.250     0.870     0.010         1
     3.300     0.875     0.010         1
     3.350     0.905     0.010         1
     3.400     0.893     0.010         1
     3.450     0.905     0.010         1
     3.500     0.924     0.010         1
     3.550     0.923     0.010         1
     3.600     0.919     0.010         1
     3.650     0.942     0.010         1
     3.700     0.946     0.010         1
     3.750     0.951     0.010         1
     3.800     0.972     0.010         1
     3.850     0.996     0.010         1
     3.900     1.012     0.010         1
     3.950     1.016     0.010         1
     4.000     1.019     0.010         1
     4.050     1.045     0.010         1
     4.100     1.054     0.010         1
     4.150     1.073     0.010         1
     4.200     1.091     0.010         1
     4.250     1.076     0.010         1
     4.300     1.117     0.010         1
     4.350     1.117     0.010         1
     4.400     1.135     0.010         1
     4.450     1.149     0.010         1
     4.500     1.171     0.010         1
     4.550     1.170     0.010         1
     4.600     1.203     0.010         1
     4.650     1.202     0.010         1
     4.700     1.244     0.010         1
     4.750     1.254     0.010         1
     4.800     1.268     0.010         1
     4.850     1.296     0.010         1
     4.900     1.297     0.010         1
     4.950     1.314     0.010         1
     5.000     1.308     0.010         1
     5.050     1.329     0.010         1
     5.100     1.338     0.010         1
     5.150     1.357     0.010         1
     5.200     1.372     0.010         1
     5.250     1.370     0.010         1
     5.300     1.374     0.010         1
     5.350     1.404     0.010         1
     5.400     1.428     0.010         1
     5.450     1.415     0.010         1
     5.500     1.410     0.010         1
     5.550     1.460     0.010         1
     5.600     1.466     0.010         1
     5.650     1.476     0.010         1
     5.700     1.488     0.010         1
     5.750     1.510     0.010         1
     5.800     1.513     0.010         1
     5.850     1.536     0.010         1
     5.900     1.547     0.010         1
     5.950     1.546     0.010         1
     6.000     1.548     0.010         1
     3.000     0.961     0.010         2
     3.050     0.954     0.010         2
     3.100     0.970     0.010         2
     3.150     0.970     0.010         2
     3.200     0.971     0.010         2
     3.250     1.001     0.010         2
     3.300     0.994     0.010         2
     3.350     0.999     0.010         2
     3.400     1.016     0.010         2
     3.450     1.028     0.010         2
     3.500     1.041     0.010         2
     3.550     1.046     0.010         2
     3.600     1.051     0.010         2
     3.650     1.052     0.010         2
     3.700     1.079     0.010         2
     3.750     1.090     0.010         2
     3.800     1.087     0.010         2
     3.850     1.101     0.010         2
     3.900     1.132     0.010         2
     3.950     1.126     0.010         2
     4.000     1.163     0.010         2
     4.050     1.139     0.010         2
     4.100     1.168     0.010         2
     4.150     1.194     0.010         2
     4.200     1.209     0.010         2
     4.250     1.223     0.010         2
     4.300     1.222     0.010         2
     4.350     1.236     0.010         2
     4.400     1.246     0.010         2
     4.450     1.255     0.010         2
     4.500     1.279     0.010         2
     4.550     1.281     0.010         2
     4.600     1.306     0.010         2
     4.650     1.310     0.010         2
     4.700     1.336     0.010         2
     4.750     1.339     0.010         2
     4.800     1.370     0.010         2
     4.850     1.371     0.010         2
     4.900     1.389     0.010         2
     4.950     1.415     0.010         2
     5.000     1.421     0.010         2
     5.050     1.416     0.010         2
     5.100     1.431     0.010         2
     5.150     1.450     0.010         2
     5.200     1.446     0.010         2
     5.250     1.473     0.010         2
     5.300     1.461     0.010         2
     5.350     1.491     0.010         2
     5.400     1.508     0.010         2
     5.450     1.504     0.010         2
     5.500     1.516     0.010         2
     5.550     1.527     0.010         2
     5.600     1.549     0.010         2
     5.650     1.553     0.010         2
     5.700     1.552     0.010         2
     5.750     1.582     0.010         2
     5.800     1.583     0.010         2
     5.850     1.610     0.010         2
     5.900     1.615     0.010         2
     5.950     1.625     0.010         2
     6.000     1.656     0.010         2
     4.010    -1.000     0.000         0
     1.050     1.404     0.010         1
     1.100     1.367     0.010         1
     1.150     1.359     0.010         1
     1.200     1.360     0.010         1
     1.250     1.344     0.010         1
     1.300     1.331     0.010         1
     1.350     1.315     0.010         1
     1.400     1.300     0.010         1
     1.450     1.298     0.010         1
     1.500     1.263     0.010         1
     1.550     1.262     0.010         1
     1.600     1.240     0.010         1
     1.650     1.245     0.010         1
     1.700     1.230     0.010         1
     1.750     1.213     0.010         1
     1.800     1.202     0.010         1
     1.850     1.186     0.010         1
     1.900     1.182     0.010         1
     1.950     1.168     0.010         1
     2.000     1.143     0.010         1
     2.050     1.140     0.010         1
     2.100     1.151     0.010         1
     2.150     1.119     0.010         1
     2.200     1.104     0.010         1
     2.250     1.113     0.010         1
     2.300     1.106     0.010         1
     2.350     1.090     0.010         1
     2.400     1.078     0.010         1
     2.450     1.063     0.010         1
     2.500     1.085     0.010         1
     2.550     1.078     0.010         1
     2.600     1.080     0.010         1
     2.650     1.065     0.010         1
     2.700     1.055     0.010         1
     2.750     1.060     0.010         1
     2.800     1.062     0.010         1
     2.850     1.039     0.010         1
     2.900     1.029     0.010         1
     2.950     1.042     0.010         1
     3.000     1.041     0.010         1
     3.050     1.032     0.010         1
     3.100     1.045     0.010         1
     3.150     1.048     0.010         1
     3.200     1.054     0.010         1
     3.250     1.048     0.010         1
     3.300     1.033     0.010         1
     3.350     1.056     0.010         1
     3.400     1.033     0.010         1
     3.450     1.067     0.010         1
     3.500     1.062     0.010         1
     3.550     1.063     0.010         1
     3.600     1.085     0.010         1
     3.650     1.102     0.010         1
     3.700     1.080     0.010         1
     3.750     1.089     0.010         1
     3.800     1.089     0.010         1
     3.850     1.102     0.010         1
     3.900     1.114     0.010         1
     3.950     1.111     0.010         1
     4.000     1.111     0.010         1
     4.050     1.125     0.010         1
     4.100     1.146     0.010         1
     4.150     1.150     0.010         1
     4.200     1.160     0.010         1
     4.250     1.161     0.010         1
     4.300     1.170     0.010         1
     4.350     1.181     0.010         1
     4.400     1.205     0.010         1
     4.450     1.198     0.010         1
     4.500     1.206     0.010         1
     4.550     1.228     0.010         1
     4.600     1.222     0.010         1
     4.650     1.239     0.010         1
     4.700     1.240     0.010         1
     1.050     1.439     0.010         2
     1.100     1.427     0.010         2
     1.150     1.427     0.010         2
     1.200     1.416     0.010         2
     1.250     1.402     0.010         2
     1.300     1.365     0.010         2
     1.350     1.369     0.010         2
     1.400     1.369     0.010         2
     1.450     1.325     0.010         2
     1.500     1.338     0.010         2
     1.550     1.329     0.010         2
     1.600     1.314     0.010         2
     1.650     1.298     0.010         2
     1.700     1.293     0.010         2
     1.750     1.297     0.010         2
     1.800     1.292     0.010         2
     1.850     1.260     0.010         2
     1.900     1.279     0.010         2
     1.950     1.250     0.010         2
     2.000     1.253     0.010         2
     2.050     1.220     0.010         2
     2.100     1.215     0.010         2
     2.150     1.210     0.010         2
     2.200     1.198     0.010         2
     2.250     1.192     0.010         2
     2.300     1.180     0.010         2
     2.350     1.189     0.010         2
     2.400     1.177     0.010         2
     2.450     1.174     0.010         2
     2.500     1.155     0.010         2
     2.550     1.164     0.010         2
     2.600     1.166     0.010         2
     2.650     1.180     0.010         2
     2.700     1.172     0.010         2
     2.750     1.150     0.010         2
     2.800     1.156     0.010         2
     2.850     1.165     0.010         2
     2.900     1.147     0.010         2
     2.950     1.141     0.010         2
     3.000     1.133     0.010         2
     3.050     1.141     0.010         2
     3.100     1.128     0.010         2
     3.150     1.165     0.010         2
     3.200     1.160     0.010         2
     3.250     1.180     0.010         2
     3.300     1.160     0.010         2
     3.350     1.185     0.010         2
     3.400     1.179     0.010         2
     3.450     1.189     0.010         2
     3.500     1.190     0.010         2
     3.550     1.200     0.010         2
     3.600     1.210     0.010         2
     3.650     1.198     0.010         2
     3.700     1.233     0.010         2
     3.750     1.235     0.010         2
     3.800     1.249     0.010         2
     3.850     1.260     0.010         2
     3.900     1.241     0.010         2
     3.950     1.247     0.010         2
     4.000     1.275     0.010         2
     4.050     1.286     0.010         2
     4.100     1.282     0.010         2
     4.150     1.287     0.010         2
     4.200     1.308     0.010         2
     4.250     1.316     0.010         2
     4.300     1.327     0.010         2
     4.350     1.316     0.010         2
     4.400     1.343     0.010         2
     4.450     1.337     0.010         2
     4.500     1.343     0.010         2
     4.550     1.379     0.010         2
     4.600     1.403     0.010         2
     4.650     1.380     0.010         2
     4.700     1.383     0.010         2
     4.750     1.399     0.010         2
     4.800     1.423     0.010         2
     4.850     1.422     0.010         2
     4.900     1.441     0.010         2
     4.950     1.459     0.010         2
     5.000     1.455     0.010         2
     5.050     1.473     0.010         2
     5.100     1.483     0.010         2
     5.150     1.477     0.010         2
     4.010     1.000     0.000         0
     4.750     1.270     0.010         1
     4.800     1.271     0.010         1
     4.850     1.288     0.010         1
     4.900     1.307     0.010         1
     4.950     1.321     0.010         1
     5.000     1.324     0.010         1
     5.050     1.333     0.010         1
     5.100     1.343     0.010         1
     5.150     1.347     0.010         1
     5.200     1.331     0.010         1
     5.250     1.355     0.010         1
     5.300     1.364     0.010         1
     5.350     1.367     0.010         1
     5.400     1.395     0.010         1
     5.450     1.369     0.010         1
     5.500     1.387     0.010         1
     5.550     1.428     0.010         1
     5.600     1.421     0.010         1
     5.650     1.436     0.010         1
     5.700     1.444     0.010         1
     5.750     1.457     0.010         1
     5.800     1.446     0.010         1
     5.850     1.478     0.010         1
     5.900     1.473     0.010         1
     5.950     1.481     0.010         1
     6.000     1.502     0.010         1
     6.050     1.536     0.010         1
     6.100     1.540     0.010         1
     6.150     1.538     0.010         1
     6.200     1.565     0.010         1
     6.250     1.581     0.010         1
     6.300     1.608     0.010         1
     6.350     1.629     0.010         1
     6.400     1.635     0.010         1
     6.450     1.653     0.010         1
     6.500     1.662     0.010         1
     6.550     1.708     0.010         1
     6.600     1.717     0.010         1
     6.650     1.723     0.010         1
     6.700     1.742     0.010         1
     6.750     1.759     0.010         1
     6.800     1.772     0.010         1
     6.850     1.807     0.010         1
     6.900     1.817     0.010         1
     6.950     1.816     0.010         1
     7.000     1.842     0.010         1
     5.250     1.482     0.010         2
     5.300     1.507     0.010         2
     5.350     1.508     0.010         2
     5.400     1.512     0.010         2
     5.450     1.537     0.010         2
     5.500     1.540     0.010         2
     5.550     1.551     0.010         2
     5.600     1.548     0.010         2
     5.650     1.564     0.010         2
     5.700     1.571     0.010         2
     5.750     1.590     0.010         2
     5.800     1.593     0.010         2
     5.850     1.606     0.010         2
     5.900     1.595     0.010         2
     5.950     1.611     0.010         2
     6.000     1.627     0.010         2
     6.050     1.644     0.010         2
     6.100     1.670     0.010         2
     6.150     1.677     0.010         2
     6.200     1.698     0.010         2
     6.250     1.729     0.010         2
     6.300     1.727     0.010         2
     6.350     1.743     0.010         2
     6.400     1.772     0.010         2
     6.450     1.774     0.010         2
     6.500     1.816     0.010         2
     6.550     1.816     0.010         2
     6.600     1.847     0.010         2
     6.650     1.847     0.010         2
     6.700     1.872     0.010         2
     6.750     1.879     0.010         2
     6.800     1.896     0.010         2
     6.850     1.923     0.010         2
     6.900     1.928     0.010         2
     6.950     1.957     0.010         2
     7.000     1.965     0.010         2
     5.010    -1.000     0.000         0
     2.050     1.482     0.010         1
     2.100     1.494     0.010         1
     2.150     1.466     0.010         1
     2.200     1.455     0.010         1
     2.250     1.451     0.010         1
     2.300     1.450     0.010         1
     2.350     1.413     0.010         1
     2.400     1.405     0.010         1
     2.450     1.397     0.010         1
     2.500     1.405     0.010         1
     2.550     1.391     0.010         1
     2.600     1.357     0.010         1
     2.650     1.374     0.010         1
     2.700     1.360     0.010         1
     2.750     1.363     0.010         1
     2.800     1.364     0.010         1
     2.850     1.353     0.010         1
     2.900     1.357     0.010         1
     2.950     1.333     0.010         1
     3.000     1.332     0.010         1
     3.050     1.336     0.010         1
     3.100     1.310     0.010         1
     3.150     1.316     0.010         1
     3.200     1.324     0.010         1
     3.250     1.313     0.010         1
     3.300     1.321     0.010         1
     3.350     1.298     0.010         1
     3.400     1.325     0.010         1
     3.450     1.326     0.010         1
     3.500     1.294     0.010         1
     3.550     1.294     0.010         1
     3.600     1.311     0.010         1
     3.650     1.310     0.010         1
     3.700     1.326     0.010         1
     3.750     1.320     0.010         1
     3.800     1.317     0.010         1
     3.850     1.321     0.010         1
     3.900     1.325     0.010         1
     3.950     1.331     0.010         1
     4.000     1.322     0.010         1
     4.050     1.328     0.010         1
     4.100     1.305     0.010         1
     4.150     1.324     0.010         1
     4.200     1.359     0.010         1
     4.250     1.349     0.010         1
     4.300     1.348     0.010         1
     4.350     1.347     0.010         1
     4.400     1.344     0.010         1
     4.450     1.376     0.010         1
     4.500     1.356     0.010         1
     4.550     1.354     0.010         1
     4.600     1.356     0.010         1
     4.650     1.367     0.010         1
     4.700     1.377     0.010         1
     4.750     1.377     0.010         1
     4.800     1.384     0.010         1
     4.850     1.407     0.010         1
     4.900     1.414     0.010         1
     4.950     1.414     0.010         1
     5.000     1.418     0.010         1
     5.050     1.418     0.010         1
     5.100     1.423     0.010         1
     5.150     1.444     0.010         1
     5.200     1.415     0.010         1
     5.250     1.442     0.010         1
     5.300     1.427     0.010         1
     5.350     1.434     0.010         1
     2.050     1.535     0.010         2
     2.100     1.527     0.010         2
     2.150     1.518     0.010         2
     2.200     1.509     0.010         2
     2.250     1.500     0.010         2
     2.300     1.490     0.010         2
     2.350     1.488     0.010         2
     2.400     1.484     0.010         2
     2.450     1.489     0.010         2
     2.500     1.464     0.010         2
     2.550     1.460     0.010         2
     2.600     1.450     0.010         2
     2.650     1.456     0.010         2
     2.700     1.429     0.010         2
     2.750     1.440     0.010         2
     2.800     1.448     0.010         2
     2.850     1.425     0.010         2
     2.900     1.438     0.010         2
     2.950     1.444     0.010         2
     3.000     1.427     0.010         2
     3.050     1.440     0.010         2
     3.100     1.417     0.010         2
     3.150     1.428     0.010         2
     3.200     1.416     0.010         2
     3.250     1.427     0.010         2
     3.300     1.419     0.010         2
     3.350     1.428     0.010         2
     3.400     1.438     0.010         2
     3.450     1.422     0.010         2
     3.500     1.436     0.010         2
     3.550     1.433     0.010         2
     3.600     1.437     0.010         2
     3.650     1.444     0.010         2
     3.700     1.433     0.010         2
     3.750     1.442     0.010         2
     3.800     1.460     0.010         2
     3.850     1.465     0.010         2
     3.900     1.456     0.010         2
     3.950     1.472     0.010         2
     4.000     1.475     0.010         2
     4.050     1.459     0.010         2
     4.100     1.478     0.010         2
     4.150     1.483     0.010         2
     4.200     1.490     0.010         2
     4.250     1.494     0.010         2
     4.300     1.513     0.010         2
     4.350     1.498     0.010         2
     4.400     1.507     0.010         2
     4.450     1.526     0.010         2
     4.500     1.539     0.010         2
     4.550     1.529     0.010         2
     4.600     1.518     0.010         2
     4.650     1.550     0.010         2
     4.700     1.558     0.010         2
     4.750     1.531     0.010         2
     4.800     1.565     0.010         2
     4.850     1.593     0.010         2
     4.900     1.578     0.010         2
     4.950     1.582     0.010         2
     5.000     1.598     0.010         2
     5.050     1.601     0.010         2
     5.100     1.612     0.010         2
     5.150     1.597     0.010         2
     5.200     1.607     0.010         2
     5.250     1.591     0.010         2
     5.300     1.626     0.010         2
     5.350     1.607     0.010         2
     5.400     1.608     0.010         2
     5.450     1.619     0.010         2
     5.500     1.639     0.010         2
     5.550     1.630     0.010         2
     5.600     1.642     0.010         2
     5.650     1.638     0.010         2
     5.700     1.634     0.010         2
     5.010     1.000     0.000         0
     5.400     1.446     0.010         1
     5.450     1.453     0.010         1
     5.500     1.449     0.010         1
     5.550     1.448     0.010         1
     5.600     1.442     0.010         1
     5.650     1.450     0.010         1
     5.700     1.447     0.010         1
     5.750     1.474     0.010         1
     5.800     1.457     0.010         1
     5.850     1.487     0.010         1
     5.900     1.464     0.010         1
     5.950     1.475     0.010         1
     6.000     1.474     0.010         1
     6.050     1.483     0.010         1
     6.100     1.522     0.010         1
     6.150     1.532     0.010         1
     6.200     1.522     0.010         1
     6.250     1.535     0.010         1
     6.300     1.546     0.010         1
     6.350     1.567     0.010         1
     6.400     1.560     0.010         1
     6.450     1.596     0.010         1
     6.500     1.614     0.010         1
     6.550     1.627     0.010         1
     6.600     1.629     0.010         1
     6.650     1.637     0.010         1
     6.700     1.667     0.010         1
     6.750     1.652     0.010         1
     6.800     1.666     0.010         1
     6.850     1.697     0.010         1
     6.900     1.711     0.010         1
     6.950     1.713     0.010         1
     7.000     1.725     0.010         1
     7.050     1.735     0.010         1
     7.100     1.732     0.010         1
     7.150     1.769     0.010         1
     7.200     1.747     0.010         1
     7.250     1.772     0.010         1
     7.300     1.769     0.010         1
     7.350     1.754     0.010         1
     7.400     1.778     0.010         1
     7.450     1.790     0.010         1
     7.500     1.799     0.010         1
     7.550     1.811     0.010         1
     7.600     1.816     0.010         1
     7.650     1.819     0.010         1
     7.700     1.831     0.010         1
     7.750     1.844     0.010         1
     7.800     1.846     0.010         1
     7.850     1.867     0.010         1
     7.900     1.864     0.010         1
     7.950     1.873     0.010         1
     8.000     1.891     0.010         1
     5.700     1.646     0.010         2
     5.750     1.658     0.010         2
     5.800     1.684     0.010         2
     5.850     1.659     0.010         2
     5.900     1.661     0.010         2
     5.950     1.666     0.010         2
     6.000     1.695     0.010         2
     6.050     1.674     0.010         2
     6.100     1.706     0.010         2
     6.150     1.712     0.010         2
     6.200     1.733     0.010         2
     6.250     1.747     0.010         2
     6.300     1.753     0.010         2
     6.350     1.757     0.010         2
     6.400     1.775     0.010         2
     6.450     1.780     0.010         2
     6.500     1.791     0.010         2
     6.550     1.822     0.010         2
     6.600     1.790     0.010         2
     6.650     1.822     0.010         2
     6.700     1.808     0.010         2
     6.750     1.842     0.010         2
     6.800     1.857     0.010         2
     6.850     1.875     0.010         2
     6.900     1.863     0.010         2
     6.950     1.880     0.010         2
     7.000     1.900     0.010         2
     7.050     1.885     0.010         2
     7.100     1.898     0.010         2
     7.150     1.907     0.010         2
     7.200     1.913     0.010         2
     7.250     1.919     0.010         2
     7.300     1.929     0.010         2
     7.350     1.932     0.010         2
     7.400     1.942     0.010         2
     7.450     1.950     0.010         2
     7.500     1.957     0.010         2
     7.550     1.967     0.010         2
     7.600     1.955     0.010         2
     7.650     1.977     0.010         2
     7.700     1.961     0.010         2
     7.750     1.974     0.010         2
     7.800     1.982     0.010         2
     7.850     1.983     0.010         2
     7.900     2.005     0.010         2
     7.950     1.981     0.010         2
     8.000     1.985     0.010         2
     6.010    -1.000     0.000         0
     3.050     1.570     0.010         1
     3.100     1.567     0.010         1
     3.150     1.560     0.010         1
     3.200     1.557     0.010         1
     3.250     1.554     0.010         1
     3.300     1.545     0.010         1
     3.350     1.543     0.010         1
     3.400     1.547     0.010         1
     3.450     1.539     0.010         1
     3.500     1.521     0.010         1
     3.550     1.527     0.010         1
     3.600     1.514     0.010         1
     3.650     1.523     0.010         1
     3.700     1.522     0.010         1
     3.750     1.506     0.010         1
     3.800     1.512     0.010         1
     3.850     1.516     0.010         1
     3.900     1.508     0.010         1
     3.950     1.513     0.010         1
     4.000     1.525     0.010         1
     4.050     1.504     0.010         1
     4.100     1.497     0.010         1
     4.150     1.508     0.010         1
     4.200     1.510     0.010         1
     4.250     1.481     0.010         1
     4.300     1.488     0.010         1
     4.350     1.483     0.010         1
     4.400     1.479     0.010         1
     4.450     1.514     0.010         1
     4.500     1.507     0.010         1
     4.550     1.518     0.010         1
     4.600     1.498     0.010         1
     4.650     1.485     0.010         1
     4.700     1.491     0.010         1
     4.750     1.490     0.010         1
     4.800     1.499     0.010         1
     4.850     1.487     0.010         1
     4.900     1.487     0.010         1
     4.950     1.485     0.010         1
     5.000     1.471     0.010         1
     5.050     1.471     0.010         1
     5.100     1.485     0.010         1
     5.150     1.468     0.010         1
     5.200     1.466     0.010         1
     5.250     1.446     0.010         1
     5.300     1.438     0.010         1
     5.350     1.444     0.010         1
     5.400     1.440     0.010         1
     5.450     1.432     0.010         1
     5.500     1.435     0.010         1
     5.550     1.444     0.010         1
     5.600     1.426     0.010         1
     5.650     1.420     0.010         1
     5.700     1.414     0.010         1
     5.750     1.426     0.010         1
     5.800     1.425     0.010         1
     5.850     1.413     0.010         1
     5.900     1.417     0.010         1
     5.950     1.414     0.010         1
     6.000     1.415     0.010         1
     6.050     1.413     0.010         1
     3.050     1.632     0.010         2
     3.100     1.635     0.010         2
     3.150     1.625     0.010         2
     3.200     1.636     0.010         2
     3.250     1.635     0.010         2
     3.300     1.651     0.010         2
     3.350     1.633     0.010         2
     3.400     1.641     0.010         2
     3.450     1.625     0.010         2
     3.500     1.635     0.010         2
     3.550     1.629     0.010         2
     3.600     1.626     0.010         2
     3.650     1.621     0.010         2
     3.700     1.621     0.010         2
     3.750     1.625     0.010         2
     3.800     1.642     0.010         2
     3.850     1.613     0.010         2
     3.900     1.642     0.010         2
     3.950     1.652     0.010         2
     4.000     1.642     0.010         2
     4.050     1.637     0.010         2
     4.100     1.644     0.010         2
     4.150     1.643     0.010         2
     4.200     1.661     0.010         2
     4.250     1.665     0.010         2
     4.300     1.635     0.010         2
     4.350     1.654     0.010         2
     4.400     1.656     0.010         2
     4.450     1.653     0.010         2
     4.500     1.645     0.010         2
     4.550     1.651     0.010         2
     4.600     1.680     0.010         2
     4.650     1.667     0.010         2
     4.700     1.682     0.010         2
     4.750     1.669     0.010         2
     4.800     1.676     0.010         2
     4.850     1.671     0.010         2
     4.900     1.667     0.010         2
     4.950     1.681     0.010         2
     5.000     1.672     0.010         2
     5.050     1.681     0.010         2
     5.100     1.672     0.010         2
     5.150     1.686     0.010         2
     5.200     1.662     0.010         2
     5.250     1.660     0.010         2
     5.300     1.674     0.010         2
     5.350     1.671     0.010         2
     5.400     1.667     0.010         2
     5.450     1.648     0.010         2
     5.500     1.629     0.010         2
     5.550     1.665     0.010         2
     5.600     1.631     0.010         2
     5.650     1.656     0.010         2
     5.700     1.626     0.010         2
     5.750     1.641     0.010         2
     5.800     1.653     0.010         2
     5.850     1.652     0.010         2
     5.900     1.632     0.010         2
     5.950     1.640     0.010         2
     6.000     1.638     0.010         2
     6.050     1.644     0.010         2
     6.100     1.669     0.010         2
     6.150     1.665     0.010         2
     6.010     1.000     0.000         0
     6.000     1.405     0.010         1
     6.050     1.420     0.010         1
     6.100     1.415     0.010         1
     6.150     1.434     0.010         1
     6.200     1.417     0.010         1
     6.250     1.419     0.010         1
     6.300     1.444     0.010         1
     6.350     1.436     0.010         1
     6.400     1.474     0.010         1
     6.450     1.422     0.010         1
     6.500     1.446     0.010         1
     6.550     1.462     0.010         1
     6.600     1.485     0.010         1
     6.650     1.459     0.010         1
     6.700     1.470     0.010         1
     6.750     1.474     0.010         1
     6.800     1.486     0.010         1
     6.850     1.498     0.010         1
     6.900     1.493     0.010         1
     6.950     1.505     0.010         1
     7.000     1.499     0.010         1
     7.050     1.510     0.010         1
     7.100     1.502     0.010         1
     7.150     1.511     0.010         1
     7.200     1.527     0.010         1
     7.250     1.514     0.010         1
     7.300     1.524     0.010         1
     7.350     1.526     0.010         1
     7.400     1.521     0.010         1
     7.450     1.516     0.010         1
     7.500     1.525     0.010         1
     7.550     1.532     0.010         1
     7.600     1.526     0.010         1
     7.650     1.531     0.010         1
     7.700     1.521     0.010         1
     7.750     1.536     0.010         1
     7.800     1.530     0.010         1
     7.850     1.530     0.010         1
     7.900     1.516     0.010         1
     7.950     1.557     0.010         1
     8.000     1.526     0.010         1
     8.050     1.526     0.010         1
     8.100     1.551     0.010         1
     8.150     1.560     0.010         1
     8.200     1.558     0.010         1
     8.250     1.562     0.010         1
     8.300     1.565     0.010         1
     8.350     1.555     0.010         1
     8.400     1.566     0.010         1
     8.450     1.592     0.010         1
     8.500     1.575     0.010         1
     8.550     1.598     0.010         1
     8.600     1.564     0.010         1
     8.650     1.614     0.010         1
     8.700     1.599     0.010         1
     8.750     1.628     0.010         1
     8.800     1.643     0.010         1
     8.850     1.635     0.010         1
     8.900     1.647     0.010         1
     8.950     1.644     0.010         1
     9.000     1.665     0.010         1
     6.000     1.648     0.010         2
     6.050     1.665     0.010         2
     6.100     1.639     0.010         2
     6.150     1.659     0.010         2
     6.200     1.657     0.010         2
     6.250     1.681     0.010         2
     6.300     1.651     0.010         2
     6.350     1.659     0.010         2
     6.400     1.666     0.010         2
     6.450     1.679     0.010         2
     6.500     1.677     0.010         2
     6.550     1.698     0.010         2
     6.600     1.717     0.010         2
     6.650     1.686     0.010         2
     6.700     1.707     0.010         2
     6.750     1.734     0.010         2
     6.800     1.716     0.010         2
     6.850     1.736     0.010         2
     6.900     1.733     0.010         2
     6.950     1.764     0.010         2
     7.000     1.735     0.010         2
     7.050     1.744     0.010         2
     7.100     1.727     0.010         2
     7.150     1.753     0.010         2
     7.200     1.739     0.010         2
     7.250     1.733     0.010         2
     7.300     1.748     0.010         2
     7.350     1.728     0.010         2
     7.400     1.736     0.010         2
     7.450     1.749     0.010         2
     7.500     1.747     0.010         2
     7.550     1.748     0.010         2
     7.600     1.740     0.010         2
     7.650     1.749     0.010         2
     7.700     1.762     0.010         2
     7.750     1.755     0.010         2
     7.800     1.745     0.010         2
     7.850     1.760     0.010         2
     7.900     1.744     0.010         2
     7.950     1.746     0.010         2
     8.000     1.767     0.010         2
     8.050     1.757     0.010         2
     8.100     1.771     0.010         2
     8.150     1.769     0.010         2
     8.200     1.766     0.010         2
     8.250     1.795     0.010         2
     8.300     1.789     0.010         2
     8.350     1.789     0.010         2
     8.400     1.785     0.010         2
     8.450     1.780     0.010         2
     8.500     1.778     0.010         2
     8.550     1.802     0.010         2
     8.600     1.795     0.010         2
     8.650     1.804     0.010         2
     8.700     1.841     0.010         2
     8.750     1.798     0.010         2
     8.800     1.817     0.010         2
     8.850     1.820     0.010         2
     8.900     1.827     0.010         2
     8.950     1.837     0.010         2
     9.000     1.857     0.010         2
     7.010    -1.000     0.000         0
     4.050     1.825     0.010         1
     4.100     1.834     0.010         1
     4.150     1.815     0.010         1
     4.200     1.812     0.010         1
     4.250     1.823     0.010         1
     4.300     1.793     0.010         1
     4.350     1.796     0.010         1
     4.400     1.807     0.010         1
     4.450     1.782     0.010         1
     4.500     1.790     0.010         1
     4.550     1.771     0.010         1
     4.600     1.766     0.010         1
     4.650     1.758     0.010         1
     4.700     1.766     0.010         1
     4.750     1.766     0.010         1
     4.800     1.764     0.010         1
     4.850     1.746     0.010         1
     4.900     1.739     0.010         1
     4.950     1.735     0.010         1
     5.000     1.731     0.010         1
     5.050     1.722     0.010         1
     5.100     1.697     0.010         1
     5.150     1.689     0.010         1
     5.200     1.680     0.010         1
     5.250     1.685     0.010         1
     5.300     1.659     0.010         1
     5.350     1.669     0.010         1
     5.400     1.646     0.010         1
     5.450     1.632     0.010         1
     5.500     1.598     0.010         1
     5.550     1.592     0.010         1
     5.600     1.607     0.010         1
     5.650     1.590     0.010         1
     5.700     1.586     0.010         1
     5.750     1.565     0.010         1
     5.800     1.543     0.010         1
     5.850     1.552     0.010         1
     5.900     1.546     0.010         1
     5.950     1.527     0.010         1
     6.000     1.520     0.010         1
     6.050     1.498     0.010         1
     6.100     1.501     0.010         1
     6.150     1.488     0.010         1
     6.200     1.486     0.010         1
     6.250     1.499     0.010         1
     6.300     1.503     0.010         1
     6.350     1.485     0.010         1
     6.400     1.491     0.010         1
     4.050     1.968     0.010         2
     4.100     1.965     0.010         2
     4.150     1.941     0.010         2
     4.200     1.955     0.010         2
     4.250     1.928     0.010         2
     4.300     1.929     0.010         2
     4.350     1.921     0.010         2
     4.400     1.911     0.010         2
     4.450     1.925     0.010         2
     4.500     1.906     0.010         2
     4.550     1.922     0.010         2
     4.600     1.915     0.010         2
     4.650     1.930     0.010         2
     4.700     1.909     0.010         2
     4.750     1.916     0.010         2
     4.800     1.885     0.010         2
     4.850     1.906     0.010         2
     4.900     1.915     0.010         2
     4.950     1.896     0.010         2
     5.000     1.891     0.010         2
     5.050     1.885     0.010         2
     5.100     1.874     0.010         2
     5.150     1.880     0.010         2
     5.200     1.853     0.010         2
     5.250     1.856     0.010         2
     5.300     1.828     0.010         2
     5.350     1.845     0.010         2
     5.400     1.828     0.010         2
     5.450     1.833     0.010         2
     5.500     1.820     0.010         2
     5.550     1.824     0.010         2
     5.600     1.785     0.010         2
     5.650     1.807     0.010         2
     5.700     1.804     0.010         2
     5.750     1.800     0.010         2
     5.800     1.799     0.010         2
     5.850     1.780     0.010         2
     5.900     1.763     0.010         2
     5.950     1.756     0.010         2
     6.000     1.733     0.010         2
     6.050     1.747     0.010         2
     6.100     1.735     0.010         2
     6.150     1.743     0.010         2
     6.200     1.747     0.010         2
     6.250     1.749     0.010         2
     6.300     1.735     0.010         2
     6.350     1.742     0.010         2
     6.400     1.746     0.010         2
     6.450     1.728     0.010         2
     6.500     1.734     0.010         2
     7.010     1.000     0.000         0
     6.450     1.487     0.010         1
     6.500     1.494     0.010         1
     6.550     1.466     0.010         1
     6.600     1.458     0.010         1
     6.650     1.476     0.010         1
     6.700     1.459     0.010         1
     6.750     1.446     0.010         1
     6.800     1.476     0.010         1
     6.850     1.453     0.010         1
     6.900     1.449     0.010         1
     6.950     1.440     0.010         1
     7.000     1.444     0.010         1
     7.050     1.416     0.010         1
     7.100     1.429     0.010         1
     7.150     1.414     0.010         1
     7.200     1.419     0.010         1
     7.250     1.414     0.010         1
     7.300     1.399     0.010         1
     7.350     1.401     0.010         1
     7.400     1.387     0.010         1
     7.450     1.385     0.010         1
     7.500     1.389     0.010         1
     7.550     1.357     0.010         1
     7.600     1.375     0.010         1
     7.650     1.355     0.010         1
     7.700     1.380     0.010         1
     7.750     1.340     0.010         1
     7.800     1.341     0.010         1
     7.850     1.353     0.010         1
     7.900     1.348     0.010         1
     7.950     1.343     0.010         1
     8.000     1.341     0.010         1
     8.050     1.347     0.010         1
     8.100     1.328     0.010         1
     8.150     1.347     0.010         1
     8.200     1.342     0.010         1
     8.250     1.335     0.010         1
     8.300     1.347     0.010         1
     8.350     1.346     0.010         1
     8.400     1.337     0.010         1
     8.450     1.358     0.010         1
     8.500     1.357     0.010         1
     8.550     1.362     0.010         1
     8.600     1.365     0.010         1
     8.650     1.372     0.010         1
     8.700     1.367     0.010         1
     8.750     1.379     0.010         1
     8.800     1.405     0.010         1
     8.850     1.410     0.010         1
     8.900     1.420     0.010         1
     8.950     1.410     0.010         1
     9.000     1.430     0.010         1
     9.050     1.423     0.010         1
     9.100     1.427     0.010         1
     9.150     1.445     0.010         1
     9.200     1.448     0.010         1
     9.250     1.452     0.010         1
     9.300     1.475     0.010         1
     9.350     1.466     0.010         1
     9.400     1.477     0.010         1
     9.450     1.479     0.010         1
     9.500     1.489     0.010         1
     9.550     1.495     0.010         1
     9.600     1.518     0.010         1
     9.650     1.528     0.010         1
     9.700     1.544     0.010         1
     9.750     1.528     0.010         1
     9.800     1.548     0.010         1
     9.850     1.559     0.010         1
     9.900     1.567     0.010         1
     9.950     1.581     0.010         1
     6.500     1.739     0.010         2
     6.550     1.734     0.010         2
     6.600     1.758     0.010         2
     6.650     1.740     0.010         2
     6.700     1.753     0.010         2
     6.750     1.760     0.010         2
     6.800     1.746     0.010         2
     6.850     1.738     0.010         2
     6.900     1.760     0.010         2
     6.950     1.736     0.010         2
     7.000     1.745     0.010         2
     7.050     1.733     0.010         2
     7.100     1.721     0.010         2
     7.150     1.718     0.010         2
     7.200     1.733     0.010         2
     7.250     1.706     0.010         2
     7.300     1.696     0.010         2
     7.350     1.681     0.010         2
     7.400     1.705     0.010         2
     7.450     1.684     0.010         2
     7.500     1.692     0.010         2
     7.550     1.678     0.010         2
     7.600     1.672     0.010         2
     7.650     1.677     0.010         2
     7.700     1.682     0.010         2
     7.750     1.667     0.010         2
     7.800     1.663     0.010         2
     7.850     1.649     0.010         2
     7.900     1.660     0.010         2
     7.950     1.646     0.010         2
     8.000     1.649     0.010         2
     8.050     1.639     0.010         2
     8.100     1.652     0.010         2
     8.150     1.663     0.010         2
     8.200     1.662     0.010         2
     8.250     1.646     0.010         2
     8.300     1.650     0.010         2
     8.350     1.645     0.010         2
     8.400     1.653     0.010         2
     8.450     1.656     0.010         2
     8.500     1.647     0.010         2
     8.550     1.636     0.010         2
     8.600     1.665     0.010         2
     8.650     1.681     0.010         2
     8.700     1.670     0.010         2
     8.750     1.679     0.010         2
     8.800     1.692     0.010         2
     8.850     1.675     0.010         2
     8.900     1.684     0.010         2
     8.950     1.660     0.010         2
     9.000     1.668     0.010         2
     9.050     1.658     0.010         2
     9.100     1.679     0.010         2
     9.150     1.676     0.010         2
     9.200     1.689     0.010         2
     9.250     1.677     0.010         2
     9.300     1.677     0.010         2
     9.350     1.689     0.010         2
     9.400     1.672     0.010         2
     9.450     1.704     0.010         2
     9.500     1.702     0.010         2
     9.550     1.695     0.010         2
     9.600     1.709     0.010         2
     9.650     1.722     0.010         2
     9.700     1.707     0.010         2
     9.750     1.730     0.010         2
     9.800     1.717     0.010         2
     9.850     1.737     0.010         2
     9.900     1.715     0.010         2
     9.950     1.731     0.010         2
     8.010    -1.000     0.000         0
     5.050     1.876     0.010         1
     5.100     1.857     0.010         1
     5.150     1.853     0.010         1
     5.200     1.812     0.010         1
     5.250     1.806     0.010         1
     5.300     1.778     0.010         1
     5.350     1.760     0.010         1
     5.400     1.754     0.010         1
     5.450     1.730     0.010         1
     5.500     1.727     0.010         1
     5.550     1.706     0.010         1
     5.600     1.665     0.010         1
     5.650     1.656     0.010         1
     5.700     1.659     0.010         1
     5.750     1.616     0.010         1
     5.800     1.609     0.010         1
     5.850     1.593     0.010         1
     5.900     1.569     0.010         1
     5.950     1.548     0.010         1
     6.000     1.566     0.010         1
     6.050     1.530     0.010         1
     6.100     1.520     0.010         1
     6.150     1.504     0.010         1
     6.200     1.473     0.010         1
     6.250     1.458     0.010         1
     6.300     1.458     0.010         1
     6.350     1.450     0.010         1
     6.400     1.442     0.010         1
     6.450     1.426     0.010         1
     6.500     1.422     0.010         1
     6.550     1.428     0.010         1
     6.600     1.395     0.010         1
     6.650     1.394     0.010         1
     6.700     1.378     0.010         1
     6.750     1.362     0.010         1
     6.800     1.385     0.010         1
     6.850     1.342     0.010         1
     6.900     1.342     0.010         1
     6.950     1.344     0.010         1
     7.000     1.356     0.010         1
     7.050     1.329     0.010         1
     7.100     1.344     0.010         1
     7.150     1.317     0.010         1
     7.200     1.294     0.010         1
     7.250     1.292     0.010         1
     7.300     1.281     0.010         1
     7.350     1.253     0.010         1
     7.400     1.245     0.010         1
     5.050     1.992     0.010         2
     5.100     1.996     0.010         2
     5.150     1.975     0.010         2
     5.200     1.952     0.010         2
     5.250     1.939     0.010         2
     5.300     1.923     0.010         2
     5.350     1.928     0.010         2
     5.400     1.905     0.010         2
     5.450     1.870     0.010         2
     5.500     1.877     0.010         2
     5.550     1.881     0.010         2
     5.600     1.867     0.010         2
     5.650     1.839     0.010         2
     5.700     1.832     0.010         2
     5.750     1.824     0.010         2
     5.800     1.809     0.010         2
     5.850     1.792     0.010         2
     5.900     1.788     0.010         2
     5.950     1.770     0.010         2
     6.000     1.757     0.010         2
     6.050     1.755     0.010         2
     6.100     1.741     0.010         2
     6.150     1.744     0.010         2
     6.200     1.730     0.010         2
     6.250     1.722     0.010         2
     6.300     1.705     0.010         2
     6.350     1.734     0.010         2
     6.400     1.708     0.010         2
     6.450     1.712     0.010         2
     6.500     1.707     0.010         2
     6.550     1.711     0.010         2
     6.600     1.700     0.010         2
     6.650     1.667     0.010         2
     6.700     1.680     0.010         2
     6.750     1.685     0.010         2
     6.800     1.666     0.010         2
     6.850     1.663     0.010         2
     6.900     1.664     0.010         2
     6.950     1.656     0.010         2
     7.000     1.654     0.010         2
     7.050     1.653     0.010         2
     7.100     1.648     0.010         2
     7.150     1.626     0.010         2
     8.010     1.000     0.000         0
     7.400     1.262     0.010         1
     7.450     1.259     0.010         1
     7.500     1.220     0.010         1
     7.550     1.205     0.010         1
     7.600     1.237     0.010         1
     7.650     1.216     0.010         1
     7.700     1.185     0.010         1
     7.750     1.189     0.010         1
     7.800     1.198     0.010         1
     7.850     1.192     0.010         1
     7.900     1.198     0.010         1
     7.950     1.170     0.010         1
     8.000     1.162     0.010         1
     8.050     1.162     0.010         1
     8.100     1.173     0.010         1
     8.150     1.148     0.010         1
     8.200     1.158     0.010         1
     8.250     1.156     0.010         1
     8.300     1.162     0.010         1
     8.350     1.172     0.010         1
     8.400     1.164     0.010         1
     8.450     1.182     0.010         1
     8.500     1.167     0.010         1
     8.550     1.160     0.010         1
     8.600     1.171     0.010         1
     8.650     1.169     0.010         1
     8.700     1.184     0.010         1
     8.750     1.189     0.010         1
     8.800     1.185     0.010         1
     8.850     1.179     0.010         1
     8.900     1.202     0.010         1
     8.950     1.207     0.010         1
     9.000     1.202     0.010         1
     9.050     1.205     0.010         1
     9.100     1.198     0.010         1
     9.150     1.216     0.010         1
     9.200     1.204     0.010         1
     9.250     1.228     0.010         1
     9.300     1.227     0.010         1
     9.350     1.220     0.010         1
     9.400     1.209     0.010         1
     9.450     1.241     0.010         1
     9.500     1.248     0.010         1
     9.550     1.238     0.010         1
     9.600     1.236     0.010         1
     9.650     1.262     0.010         1
     9.700     1.264     0.010         1
     9.750     1.268     0.010         1
     9.800     1.250     0.010         1
     9.850     1.265     0.010         1
     9.900     1.274     0.010         1
     9.950     1.270     0.010         1
     7.150     1.627     0.010         2
     7.200     1.626     0.010         2
     7.250     1.610     0.010         2
     7.300     1.589     0.010         2
     7.350     1.576     0.010         2
     7.400     1.571     0.010         2
     7.450     1.571     0.010         2
     7.500     1.569     0.010         2
     7.550     1.571     0.010         2
     7.600     1.571     0.010         2
     7.650     1.548     0.010         2
     7.700     1.539     0.010         2
     7.750     1.531     0.010         2
     7.800     1.516     0.010         2
     7.850     1.526     0.010         2
     7.900     1.522     0.010         2
     7.950     1.493     0.010         2
     8.000     1.510     0.010         2
     8.050     1.492     0.010         2
     8.100     1.500     0.010         2
     8.150     1.470     0.010         2
     8.200     1.503     0.010         2
     8.250     1.488     0.010         2
     8.300     1.468     0.010         2
     8.350     1.483     0.010         2
     8.400     1.469     0.010         2
     8.450     1.483     0.010         2
     8.500     1.470     0.010         2
     8.550     1.449     0.010         2
     8.600     1.474     0.010         2
     8.650     1.486     0.010         2
     8.700     1.473     0.010         2
     8.750     1.465     0.010         2
     8.800     1.458     0.010         2
     8.850     1.477     0.010         2
     8.900     1.453     0.010         2
     8.950     1.464     0.010         2
     9.000     1.469     0.010         2
     9.050     1.464     0.010         2
     9.100     1.452     0.010         2
     9.150     1.468     0.010         2
     9.200     1.465     0.010         2
     9.250     1.477     0.010         2
     9.300     1.465     0.010         2
     9.350     1.464     0.010         2
     9.400     1.469     0.010         2
     9.450     1.458     0.010         2
     9.500     1.463     0.010         2
     9.550     1.449     0.010         2
     9.600     1.456     0.010         2
     9.650     1.468     0.010         2
     9.700     1.469     0.010         2
     9.750     1.493     0.010         2
     9.800     1.482     0.010         2
     9.850     1.461     0.010         2
     9.900     1.467     0.010         2
     9.950     1.472     0.010         2
     9.010    -1.000     0.000         0
     6.050     1.648     0.010         1
     6.100     1.651     0.010         1
     6.150     1.611     0.010         1
     6.200     1.598     0.010         1
     6.250     1.587     0.010         1
     6.300     1.559     0.010         1
     6.350     1.550     0.010         1
     6.400     1.534     0.010         1
     6.450     1.524     0.010         1
     6.500     1.518     0.010         1
     6.550     1.492     0.010         1
     6.600     1.490     0.010         1
     6.650     1.477     0.010         1
     6.700     1.485     0.010         1
     6.750     1.465     0.010         1
     6.800     1.457     0.010         1
     6.850     1.446     0.010         1
     6.900     1.438     0.010         1
     6.950     1.460     0.010         1
     7.000     1.419     0.010         1
     7.050     1.409     0.010         1
     7.100     1.397     0.010         1
     7.150     1.398     0.010         1
     7.200     1.385     0.010         1
     7.250     1.369     0.010         1
     7.300     1.349     0.010         1
     7.350     1.334     0.010         1
     7.400     1.314     0.010         1
     7.450     1.318     0.010         1
     7.500     1.301     0.010         1
     7.550     1.270     0.010         1
     7.600     1.289     0.010         1
     7.650     1.274     0.010         1
     7.700     1.268     0.010         1
     7.750     1.233     0.010         1
     7.800     1.225     0.010         1
     7.850     1.223     0.010         1
     7.900     1.217     0.010         1
     7.950     1.218     0.010         1
     8.000     1.186     0.010         1
     8.050     1.197     0.010         1
     8.100     1.192     0.010         1
     8.150     1.164     0.010         1
     8.200     1.162     0.010         1
     8.250     1.176     0.010         1
     8.300     1.150     0.010         1
     8.350     1.160     0.010         1
     8.400     1.172     0.010         1
     8.450     1.161     0.010         1
     8.500     1.141     0.010         1
     8.550     1.145     0.010         1
     8.600     1.141     0.010         1
     8.650     1.136     0.010         1
     8.700     1.140     0.010         1
     8.750     1.123     0.010         1
     8.800     1.136     0.010         1
     8.850     1.127     0.010         1
     8.900     1.118     0.010         1
     6.050     1.843     0.010         2
     6.100     1.826     0.010         2
     6.150     1.821     0.010         2
     6.200     1.801     0.010         2
     6.250     1.801     0.010         2
     6.300     1.805     0.010         2
     6.350     1.754     0.010         2
     6.400     1.782     0.010         2
     6.450     1.757     0.010         2
     6.500     1.750     0.010         2
     6.550     1.738     0.010         2
     6.600     1.743     0.010         2
     6.650     1.733     0.010         2
     6.700     1.700     0.010         2
     6.750     1.711     0.010         2
     6.800     1.710     0.010         2
     6.850     1.696     0.010         2
     6.900     1.687     0.010         2
     6.950     1.686     0.010         2
     7.000     1.679     0.010         2
     7.050     1.671     0.010         2
     7.100     1.661     0.010         2
     7.150     1.655     0.010         2
     7.200     1.639     0.010         2
     7.250     1.627     0.010         2
     7.300     1.596     0.010         2
     7.350     1.601     0.010         2
     7.400     1.599     0.010         2
     7.450     1.575     0.010         2
     7.500     1.549     0.010         2
     7.550     1.553     0.010         2
     7.600     1.540     0.010         2
     7.650     1.542     0.010         2
     7.700     1.520     0.010         2
     7.750     1.510     0.010         2
     7.800     1.500     0.010         2
     7.850     1.499     0.010         2
     7.900     1.467     0.010         2
     7.950     1.502     0.010         2
     8.000     1.458     0.010         2
     8.050     1.465     0.010         2
     8.100     1.453     0.010         2
     8.150     1.462     0.010         2
     8.200     1.429     0.010         2
     8.250     1.436     0.010         2
     8.300     1.431     0.010         2
     8.350     1.419     0.010         2
     8.400     1.421     0.010         2
     8.450     1.399     0.010         2
     8.500     1.405     0.010         2
     8.550     1.412     0.010         2
     8.600     1.394     0.010         2
     8.650     1.406     0.010         2
     8.700     1.372     0.010         2
     8.750     1.391     0.010         2
     8.800     1.374     0.010         2
     8.850     1.359     0.010         2
     8.900     1.347     0.010         2
     8.950     1.366     0.010         2
     9.000     1.365     0.010         2
     9.010     1.000     0.000         0
     8.950     1.118     0.010         1
     9.000     1.111     0.010         1
     9.050     1.114     0.010         1
     9.100     1.102     0.010         1
     9.150     1.085     0.010         1
     9.200     1.079     0.010         1
     9.250     1.077     0.010         1
     9.300     1.099     0.010         1
     9.350     1.081     0.010         1
     9.400     1.067     0.010         1
     9.450     1.075     0.010         1
     9.500     1.059     0.010         1
     9.550     1.072     0.010         1
     9.600     1.067     0.010         1
     9.650     1.050     0.010         1
     9.700     1.046     0.010         1
     9.750     1.045     0.010         1
     9.800     1.058     0.010         1
     9.850     1.046     0.010         1
     9.900     1.042     0.010         1
     9.950     1.063     0.010         1
     9.050     1.364     0.010         2
     9.100     1.355     0.010         2
     9.150     1.361     0.010         2
     9.200     1.355     0.010         2
     9.250     1.355     0.010         2
     9.300     1.342     0.010         2
     9.350     1.357     0.010         2
     9.400     1.330     0.010         2
     9.450     1.328     0.010         2
     9.500     1.329     0.010         2
     9.550     1.327     0.010         2
     9.600     1.301     0.010         2
     9.650     1.327     0.010         2
     9.700     1.319     0.010         2
     9.750     1.327     0.010         2
     9.800     1.321     0.010         2
     9.850     1.320     0.010         2
     9.900     1.336     0.010         2
     9.950     1.327     0.010         2
     9.990    -1.000     0.000         0
     7.000     1.584     0.010         1
     7.050     1.577     0.010         1
     7.100     1.582     0.010         1
     7.150     1.550     0.010         1
     7.200     1.512     0.010         1
     7.250     1.526     0.010         1
     7.300     1.492     0.010         1
     7.350     1.464     0.010         1
     7.400     1.469     0.010         1
     7.450     1.458     0.010         1
     7.500     1.455     0.010         1
     7.550     1.425     0.010         1
     7.600     1.403     0.010         1
     7.650     1.396     0.010         1
     7.700     1.394     0.010         1
     7.750     1.353     0.010         1
     7.800     1.336     0.010         1
     7.850     1.319     0.010         1
     7.900     1.315     0.010         1
     7.950     1.292     0.010         1
     8.000     1.259     0.010         1
     8.050     1.278     0.010         1
     8.100     1.257     0.010         1
     8.150     1.231     0.010         1
     8.200     1.228     0.010         1
     8.250     1.226     0.010         1
     8.300     1.206     0.010         1
     8.350     1.181     0.010         1
     8.400     1.171     0.010         1
     8.450     1.170     0.010         1
     8.500     1.153     0.010         1
     8.550     1.145     0.010         1
     8.600     1.128     0.010         1
     8.650     1.128     0.010         1
     8.700     1.112     0.010         1
     8.750     1.093     0.010         1
     8.800     1.104     0.010         1
     8.850     1.066     0.010         1
     8.900     1.084     0.010         1
     8.950     1.054     0.010         1
     9.000     1.082     0.010         1
     9.050     1.038     0.010         1
     9.100     1.023     0.010         1
     9.150     1.016     0.010         1
     9.200     1.019     0.010         1
     9.250     0.999     0.010         1
     9.300     0.991     0.010         1
     9.350     0.991     0.010         1
     9.400     0.981     0.010         1
     9.450     0.964     0.010         1
     9.500     0.951     0.010         1
     9.550     0.951     0.010         1
     9.600     0.937     0.010         1
     9.650     0.926     0.010         1
     9.700     0.918     0.010         1
     9.750     0.926     0.010         1
     9.800     0.912     0.010         1
     9.850     0.899     0.010         1
     9.900     0.883     0.010         1
     7.000     1.742     0.010         2
     7.050     1.735     0.010         2
     7.100     1.718     0.010         2
     7.150     1.709     0.010         2
     7.200     1.685     0.010         2
     7.250     1.667     0.010         2
     7.300     1.656     0.010         2
     7.350     1.646     0.010         2
     7.400     1.624     0.010         2
     7.450     1.631     0.010         2
     7.500     1.597     0.010         2
     7.550     1.584     0.010         2
     7.600     1.583     0.010         2
     7.650     1.574     0.010         2
     7.700     1.568     0.010         2
     7.750     1.549     0.010         2
     7.800     1.532     0.010         2
     7.850     1.508     0.010         2
     7.900     1.499     0.010         2
     7.950     1.490     0.010         2
     8.000     1.479     0.010         2
     8.050     1.487     0.010         2
     8.100     1.462     0.010         2
     8.150     1.453     0.010         2
     8.200     1.449     0.010         2
     8.250     1.436     0.010         2
     8.300     1.419     0.010         2
     8.350     1.410     0.010         2
     8.400     1.411     0.010         2
     8.450     1.386     0.010         2
     8.500     1.392     0.010         2
     8.550     1.383     0.010         2
     8.600     1.366     0.010         2
     8.650     1.357     0.010         2
     8.700     1.344     0.010         2
     8.750     1.344     0.010         2
     8.800     1.329     0.010         2
     8.850     1.345     0.010         2
     8.900     1.339     0.010         2
     8.950     1.335     0.010         2
     9.000     1.314     0.010         2
     9.050     1.310     0.010         2
     9.100     1.299     0.010         2
     9.150     1.314     0.010         2
     9.200     1.274     0.010         2
     9.250     1.290     0.010         2
     9.300     1.284     0.010         2
     9.350     1.269     0.010         2
     9.400     1.278     0.010         2
     9.450     1.278     0.010         2
     9.500     1.239     0.010         2
     9.550     1.251     0.010         2
     9.600     1.236     0.010         2
     9.650     1.237     0.010         2
     9.700     1.245     0.010         2
     9.750     1.236     0.010         2
     9.800     1.211     0.010         2
     9.850     1.212     0.010         2
     0.000     0.000     0.000        -1
