     0.000     1.000     0.000         0
     0.050     0.027     0.010         1
     0.100     0.058     0.010         1
     0.150     0.090     0.010         1
     0.200     0.099     0.010         1
     0.250     0.142     0.010         1
     0.300     0.178     0.010         1
     0.350     0.195     0.010         1
     0.400     0.239     0.010         1
     0.450     0.248     0.010         1
     0.500     0.288     0.010         1
     0.550     0.281     0.010         1
     0.600     0.331     0.010         1
     0.650     0.343     0.010         1
     0.700     0.386     0.010         1
     0.750     0.428     0.010         1
     0.800     0.425     0.010         1
     0.850     0.466     0.010         1
     0.900     0.502     0.010         1
     0.950     0.527     0.010         1
     1.000     0.553     0.010         1
     1.050     0.559     0.010         1
     1.100     0.574     0.010         1
     1.150     0.608     0.010         1
     1.200     0.612     0.010         1
     1.250     0.638     0.010         1
     1.300     0.637     0.010         1
     1.350     0.658     0.010         1
     1.400     0.658     0.010         1
     1.450     0.687     0.010         1
     1.500     0.705     0.010         1
     1.550     0.699     0.010         1
     1.600     0.718     0.010         1
     1.650     0.731     0.010         1
     1.700     0.767     0.010         1
     1.750     0.767     0.010         1
     1.800     0.770     0.010         1
     1.850     0.797     0.010         1
     1.900     0.795     0.010         1
     1.950     0.821     0.010         1
     2.000     0.812     0.010         1
     2.050     0.838     0.010         1
     2.100     0.879     0.010         1
     2.150     0.886     0.010         1
     2.200     0.885     0.010         1
     2.250     0.912     0.010         1
     2.300     0.901     0.010         1
     2.350     0.920     0.010         1
     2.400     0.933     0.010         1
     2.450     0.945     0.010         1
     2.500     0.961     0.010         1
     2.550     0.959     0.010         1
     2.600     0.991     0.010         1
     2.650     1.005     0.010         1
     2.700     1.024     0.010         1
     2.750     1.035     0.010         1
     2.800     1.039     0.010         1
     2.850     1.061     0.010         1
     2.900     1.064     0.010         1
     2.950     1.092     0.010         1
     3.000     1.088     0.010         1
     3.050     1.106     0.010         1
     3.100     1.118     0.010         1
     3.150     1.121     0.010         1
     1.000    -1.000     0.000         0
     0.050     0.516     0.010         1
     0.100     0.491     0.010         1
     0.150     0.456     0.010         1
     0.200     0.423     0.010         1
     0.250     0.401     0.010         1
     0.300     0.378     0.010         1
     0.350     0.363     0.010         1
     0.400     0.335     0.010         1
     0.450     0.287     0.010         1
     0.500     0.265     0.010         1
     0.550     0.240     0.010         1
     0.600     0.223     0.010         1
     0.650     0.187     0.010         1
     0.700     0.157     0.010         1
     0.750     0.127     0.010         1
     0.800     0.117     0.010         1
     0.850     0.090     0.010         1
     0.900     0.060     0.010         1
     0.950     0.036     0.010         1
     1.000     1.000     0.000         0
     1.050     0.018     0.010         1
     1.100     0.065     0.010         1
     1.150     0.063     0.010         1
     1.200     0.092     0.010         1
     1.250     0.143     0.010         1
     1.300     0.164     0.010         1
     1.350     0.168     0.010         1
     1.400     0.224     0.010         1
     1.450     0.232     0.010         1
     1.500     0.253     0.010         1
     1.550     0.288     0.010         1
     1.600     0.316     0.010         1
     1.650     0.344     0.010         1
     1.700     0.370     0.010         1
     1.750     0.411     0.010         1
     1.800     0.432     0.010         1
     1.850     0.456     0.010         1
     1.900     0.476     0.010         1
     1.950     0.479     0.010         1
     2.000     0.498     0.010         1
     2.050     0.531     0.010         1
     2.100     0.537     0.010         1
     2.150     0.532     0.010         1
     2.200     0.550     0.010         1
     2.250     0.555     0.010         1
     2.300     0.572     0.010         1
     2.350     0.602     0.010         1
     2.400     0.598     0.010         1
     2.450     0.611     0.010         1
     2.500     0.637     0.010         1
     2.550     0.654     0.010         1
     2.600     0.671     0.010         1
     2.650     0.663     0.010         1
     2.700     0.687     0.010         1
     2.750     0.687     0.010         1
     2.800     0.721     0.010         1
     2.850     0.725     0.010         1
     2.900     0.751     0.010         1
     2.950     0.744     0.010         1
     3.000     0.747     0.010         1
     3.050     0.782     0.010         1
     3.100     0.800     0.010         1
     3.150     0.809     0.010         1
     3.200     0.834     0.010         1
     3.250     0.835     0.010         1
     3.300     0.850     0.010         1
     3.350     0.861     0.010         1
     3.400     0.895     0.010         1
     3.450     0.899     0.010         1
     3.500     0.916     0.010         1
     3.550     0.910     0.010         1
     3.600     0.940     0.010         1
     3.650     0.972     0.010         1
     3.700     0.985     0.010         1
     3.750     0.995     0.010         1
     3.800     1.003     0.010         1
     3.850     1.018     0.010         1
     3.900     1.044     0.010         1
     3.950     1.064     0.010         1
     4.000     1.075     0.010         1
     4.050     1.094     0.010         1
     4.100     1.101     0.010         1
     4.150     1.122     0.010         1
     4.200     1.130     0.010         1
     4.250     1.168     0.010         1
     4.300     1.165     0.010         1
     4.350     1.186     0.010         1
     4.400     1.202     0.010         1
     2.000    -1.000     0.000         0
     0.100     0.800     0.010         1
     0.150     0.782     0.010         1
     0.200     0.753     0.010         1
     0.250     0.753     0.010         1
     0.300     0.722     0.010         1
     0.350     0.731     0.010         1
     0.400     0.709     0.010         1
     0.450     0.664     0.010         1
     0.500     0.655     0.010         1
     0.550     0.636     0.010         1
     0.600     0.620     0.010         1
     0.650     0.605     0.010         1
     0.700     0.598     0.010         1
     0.750     0.577     0.010         1
     0.800     0.550     0.010         1
     0.850     0.534     0.010         1
     0.900     0.521     0.010         1
     0.950     0.531     0.010         1
     1.000     0.497     0.010         1
     1.050     0.492     0.010         1
     1.100     0.502     0.010         1
     1.150     0.454     0.010         1
     1.200     0.406     0.010         1
     1.250     0.393     0.010         1
     1.300     0.371     0.010         1
     1.350     0.334     0.010         1
     1.400     0.323     0.010         1
     1.450     0.295     0.010         1
     1.500     0.254     0.010         1
     1.550     0.233     0.010         1
     1.600     0.223     0.010         1
     1.650     0.178     0.010         1
     1.700     0.178     0.010         1
     1.750     0.149     0.010         1
     1.800     0.094     0.010         1
     1.850     0.062     0.010         1
     1.900     0.064     0.010         1
     2.000     1.000     0.000         0
     2.050     0.014     0.010         1
     2.100     0.080     0.010         1
     2.150     0.093     0.010         1
     2.200     0.117     0.010         1
     2.250     0.129     0.010         1
     2.300     0.160     0.010         1
     2.350     0.180     0.010         1
     2.400     0.223     0.010         1
     2.450     0.236     0.010         1
     2.500     0.268     0.010         1
     2.550     0.280     0.010         1
     2.600     0.313     0.010         1
     2.650     0.346     0.010         1
     2.700     0.367     0.010         1
     2.750     0.391     0.010         1
     2.800     0.432     0.010         1
     2.850     0.448     0.010         1
     2.900     0.468     0.010         1
     2.950     0.500     0.010         1
     3.000     0.522     0.010         1
     3.050     0.530     0.010         1
     3.100     0.567     0.010         1
     3.150     0.601     0.010         1
     3.200     0.622     0.010         1
     3.250     0.627     0.010         1
     3.300     0.664     0.010         1
     3.350     0.677     0.010         1
     3.400     0.683     0.010         1
     3.450     0.699     0.010         1
     3.500     0.697     0.010         1
     3.550     0.724     0.010         1
     3.600     0.744     0.010         1
     3.650     0.763     0.010         1
     3.700     0.778     0.010         1
     3.750     0.780     0.010         1
     3.800     0.824     0.010         1
     3.850     0.814     0.010         1
     3.900     0.853     0.010         1
     3.950     0.868     0.010         1
     4.000     0.870     0.010         1
     4.050     0.888     0.010         1
     4.100     0.898     0.010         1
     4.150     0.934     0.010         1
     4.200     0.928     0.010         1
     4.250     0.952     0.010         1
     4.300     0.960     0.010         1
     4.350     0.984     0.010         1
     4.400     1.008     0.010         1
     4.450     1.022     0.010         1
     4.500     1.050     0.010         1
     4.550     1.032     0.010         1
     4.600     1.047     0.010         1
     4.650     1.086     0.010         1
     4.700     1.106     0.010         1
     4.750     1.092     0.010         1
     4.800     1.114     0.010         1
     4.850     1.138     0.010         1
     4.900     1.124     0.010         1
     4.950     1.165     0.010         1
     5.000     1.181     0.010         1
     5.050     1.199     0.010         1
     5.100     1.211     0.010         1
     5.150     1.226     0.010         1
     5.200     1.232     0.010         1
     5.250     1.229     0.010         1
     5.300     1.237     0.010         1
     5.350     1.241     0.010         1
     5.400     1.260     0.010         1
     5.450     1.270     0.010         1
     5.500     1.248     0.010         1
     5.550     1.287     0.010         1
     5.600     1.282     0.010         1
     5.650     1.295     0.010         1
     5.700     1.312     0.010         1
     3.000    -1.000     0.000         0
     0.050     1.083     0.010         1
     0.100     1.054     0.010         1
     0.150     1.044     0.010         1
     0.200     1.016     0.010         1
     0.250     0.992     0.010         1
     0.300     1.003     0.010         1
     0.350     0.982     0.010         1
     0.400     0.951     0.010         1
     0.450     0.940     0.010         1
     0.500     0.926     0.010         1
     0.550     0.900     0.010         1
     0.600     0.877     0.010         1
     0.650     0.874     0.010         1
     0.700     0.853     0.010         1
     0.750     0.852     0.010         1
     0.800     0.821     0.010         1
     0.850     0.802     0.010         1
     0.900     0.775     0.010         1
     0.950     0.762     0.010         1
     1.000     0.771     0.010         1
     1.050     0.761     0.010         1
     1.100     0.749     0.010         1
     1.150     0.722     0.010         1
     1.200     0.713     0.010         1
     1.250     0.701     0.010         1
     1.300     0.698     0.010         1
     1.350     0.670     0.010         1
     1.400     0.664     0.010         1
     1.450     0.679     0.010         1
     1.500     0.655     0.010         1
     1.550     0.671     0.010         1
     1.600     0.639     0.010         1
     1.650     0.629     0.010         1
     1.700     0.625     0.010         1
     1.750     0.616     0.010         1
     1.800     0.609     0.010         1
     1.850     0.613     0.010         1
     1.900     0.594     0.010         1
     1.950     0.546     0.010         1
     2.000     0.519     0.010         1
     2.050     0.490     0.010         1
     2.100     0.457     0.010         1
     2.150     0.454     0.010         1
     2.200     0.411     0.010         1
     2.250     0.390     0.010         1
     2.300     0.357     0.010         1
     2.350     0.341     0.010         1
     2.400     0.302     0.010         1
     2.450     0.262     0.010         1
     2.500     0.237     0.010         1
     2.550     0.224     0.010         1
     2.600     0.195     0.010         1
     2.650     0.175     0.010         1
     2.700     0.147     0.010         1
     2.750     0.117     0.010         1
     2.800     0.092     0.010         1
     2.850     0.081     0.010         1
     2.900     0.060     0.010         1
     3.000     1.000     0.000         0
     3.050     0.008     0.010         1
     3.100     0.045     0.010         1
     3.150     0.049     0.010         1
     3.200     0.106     0.010         1
     3.250     0.131     0.010         1
     3.300     0.154     0.010         1
     3.350     0.170     0.010         1
     3.400     0.198     0.010         1
     3.450     0.226     0.010         1
     3.500     0.255     0.010         1
     3.550     0.279     0.010         1
     3.600     0.285     0.010         1
     3.650     0.303     0.010         1
     3.700     0.354     0.010         1
     3.750     0.373     0.010         1
     3.800     0.397     0.010         1
     3.850     0.424     0.010         1
     3.900     0.459     0.010         1
     3.950     0.467     0.010         1
     4.000     0.488     0.010         1
     4.050     0.502     0.010         1
     4.100     0.537     0.010         1
     4.150     0.573     0.010         1
     4.200     0.579     0.010         1
     4.250     0.621     0.010         1
     4.300     0.641     0.010         1
     4.350     0.658     0.010         1
     4.400     0.685     0.010         1
     4.450     0.690     0.010         1
     4.500     0.766     0.010         1
     4.550     0.746     0.010         1
     4.600     0.792     0.010         1
     4.650     0.812     0.010         1
     4.700     0.829     0.010         1
     4.750     0.862     0.010         1
     4.800     0.876     0.010         1
     4.850     0.903     0.010         1
     4.900     0.923     0.010         1
     4.950     0.947     0.010         1
     5.000     0.965     0.010         1
     5.050     0.961     0.010         1
     5.100     0.967     0.010         1
     5.150     0.994     0.010         1
     5.200     1.005     0.010         1
     5.250     1.012     0.010         1
     5.300     1.019     0.010         1
     5.350     1.021     0.010         1
     5.400     1.037     0.010         1
     5.450     1.046     0.010         1
     5.500     1.064     0.010         1
     5.550     1.073     0.010         1
     5.600     1.066     0.010         1
     5.650     1.080     0.010         1
     5.700     1.082     0.010         1
     5.750     1.107     0.010         1
     5.800     1.107     0.010         1
     5.850     1.126     0.010         1
     5.900     1.144     0.010         1
     5.950     1.123     0.010         1
     6.000     1.151     0.010         1
     6.050     1.164     0.010         1
     6.100     1.159     0.010         1
     6.150     1.170     0.010         1
     6.200     1.194     0.010         1
     6.250     1.198     0.010         1
     6.300     1.218     0.010         1
     6.350     1.224     0.010         1
     6.400     1.249     0.010         1
     6.450     1.253     0.010         1
     6.500     1.253     0.010         1
     6.550     1.283     0.010         1
     6.600     1.287     0.010         1
     6.650     1.303     0.010         1
     6.700     1.322     0.010         1
     6.750     1.331     0.010         1
     6.800     1.357     0.010         1
     6.850     1.366     0.010         1
     6.900     1.370     0.010         1
     6.950     1.380     0.010         1
     7.000     1.386     0.010         1
     7.050     1.405     0.010         1
     7.100     1.433     0.010         1
     7.150     1.441     0.010         1
     7.200     1.442     0.010         1
     7.250     1.459     0.010         1
     7.300     1.472     0.010         1
     4.000    -1.000     0.000         0
     0.750     1.132     0.010         1
     0.800     1.136     0.010         1
     0.850     1.075     0.010         1
     0.900     1.081     0.010         1
     0.950     1.071     0.010         1
     1.000     1.053     0.010         1
     1.050     1.060     0.010         1
     1.100     1.053     0.010         1
     1.150     1.043     0.010         1
     1.200     1.047     0.010         1
     1.250     1.034     0.010         1
     1.300     1.032     0.010         1
     1.350     0.987     0.010         1
     1.400     0.980     0.010         1
     1.450     0.976     0.010         1
     1.500     0.966     0.010         1
     1.550     0.962     0.010         1
     1.600     0.949     0.010         1
     1.650     0.952     0.010         1
     1.700     0.941     0.010         1
     1.750     0.941     0.010         1
     1.800     0.911     0.010         1
     1.850     0.885     0.010         1
     1.900     0.895     0.010         1
     1.950     0.876     0.010         1
     2.000     0.877     0.010         1
     2.050     0.859     0.010         1
     2.100     0.853     0.010         1
     2.150     0.835     0.010         1
     2.200     0.844     0.010         1
     2.250     0.819     0.010         1
     2.300     0.797     0.010         1
     2.350     0.814     0.010         1
     2.400     0.804     0.010         1
     2.450     0.772     0.010         1
     2.500     0.739     0.010         1
     2.550     0.732     0.010         1
     2.600     0.689     0.010         1
     2.650     0.676     0.010         1
     2.700     0.641     0.010         1
     2.750     0.624     0.010         1
     2.800     0.610     0.010         1
     2.850     0.568     0.010         1
     2.900     0.546     0.010         1
     2.950     0.507     0.010         1
     3.000     0.497     0.010         1
     3.050     0.465     0.010         1
     3.100     0.442     0.010         1
     3.150     0.413     0.010         1
     3.200     0.391     0.010         1
     3.250     0.359     0.010         1
     3.300     0.360     0.010         1
     3.350     0.337     0.010         1
     3.400     0.286     0.010         1
     3.450     0.265     0.010         1
     3.500     0.225     0.010         1
     3.550     0.239     0.010         1
     3.600     0.194     0.010         1
     3.650     0.194     0.010         1
     3.700     0.149     0.010         1
     3.750     0.124     0.010         1
     3.800     0.094     0.010         1
     3.850     0.080     0.010         1
     3.900     0.048     0.010         1
     3.950     0.021     0.010         1
     4.000     1.000     0.000         0
     4.050     0.006     0.010         1
     4.100     0.049     0.010         1
     4.150     0.058     0.010         1
     4.200     0.095     0.010         1
     4.250     0.119     0.010         1
     4.300     0.133     0.010         1
     4.350     0.173     0.010         1
     4.400     0.173     0.010         1
     4.450     0.226     0.010         1
     4.500     0.249     0.010         1
     4.550     0.272     0.010         1
     4.600     0.278     0.010         1
     4.650     0.304     0.010         1
     4.700     0.337     0.010         1
     4.750     0.363     0.010         1
     4.800     0.404     0.010         1
     4.850     0.414     0.010         1
     4.900     0.455     0.010         1
     4.950     0.472     0.010         1
     5.000     0.499     0.010         1
     5.050     0.526     0.010         1
     5.100     0.544     0.010         1
     5.150     0.568     0.010         1
     5.200     0.570     0.010         1
     5.250     0.626     0.010         1
     5.300     0.642     0.010         1
     5.350     0.679     0.010         1
     5.400     0.694     0.010         1
     5.450     0.713     0.010         1
     5.500     0.753     0.010         1
     5.550     0.772     0.010         1
     5.600     0.796     0.010         1
     5.650     0.824     0.010         1
     5.700     0.858     0.010         1
     5.750     0.868     0.010         1
     5.800     0.888     0.010         1
     5.850     0.912     0.010         1
     5.900     0.915     0.010         1
     5.950     0.922     0.010         1
     6.000     0.935     0.010         1
     6.050     0.947     0.010         1
     6.100     0.957     0.010         1
     6.150     0.970     0.010         1
     6.200     0.997     0.010         1
     6.250     0.999     0.010         1
     6.300     0.989     0.010         1
     6.350     1.012     0.010         1
     6.400     1.016     0.010         1
     6.450     1.059     0.010         1
     6.500     1.060     0.010         1
     6.550     1.075     0.010         1
     6.600     1.080     0.010         1
     6.650     1.088     0.010         1
     6.700     1.114     0.010         1
     6.750     1.130     0.010         1
     6.800     1.141     0.010         1
     6.850     1.147     0.010         1
     6.900     1.150     0.010         1
     6.950     1.171     0.010         1
     7.000     1.192     0.010         1
     7.050     1.202     0.010         1
     7.100     1.216     0.010         1
     7.150     1.214     0.010         1
     7.200     1.250     0.010         1
     7.250     1.242     0.010         1
     7.300     1.265     0.010         1
     7.350     1.275     0.010         1
     7.400     1.266     0.010         1
     7.450     1.301     0.010         1
     7.500     1.310     0.010         1
     7.550     1.314     0.010         1
     7.600     1.334     0.010         1
     7.650     1.333     0.010         1
     7.700     1.366     0.010         1
     7.750     1.358     0.010         1
     7.800     1.380     0.010         1
     7.850     1.387     0.010         1
     7.900     1.418     0.010         1
     7.950     1.427     0.010         1
     8.000     1.438     0.010         1
     8.050     1.435     0.010         1
     8.100     1.465     0.010         1
     8.150     1.454     0.010         1
     8.200     1.482     0.010         1
     8.250     1.489     0.010         1
     8.300     1.510     0.010         1
     8.350     1.509     0.010         1
     8.400     1.536     0.010         1
     8.450     1.520     0.010         1
     8.500     1.541     0.010         1
     8.550     1.569     0.010         1
     8.600     1.550     0.010         1
     8.650     1.574     0.010         1
     8.700     1.570     0.010         1
     8.750     1.608     0.010         1
     8.800     1.600     0.010         1
     8.850     1.619     0.010         1
     8.900     1.624     0.010         1
     8.950     1.655     0.010         1
     9.000     1.649     0.010         1
     5.000    -1.000     0.000         0
     1.400     1.297     0.010         1
     1.450     1.290     0.010         1
     1.500     1.278     0.010         1
     1.550     1.271     0.010         1
     1.600     1.269     0.010         1
     1.650     1.246     0.010         1
     1.700     1.235     0.010         1
     1.750     1.230     0.010         1
     1.800     1.216     0.010         1
     1.850     1.207     0.010         1
     1.900     1.209     0.010         1
     1.950     1.176     0.010         1
     2.000     1.194     0.010         1
     2.050     1.161     0.010         1
     2.100     1.144     0.010         1
     2.150     1.142     0.010         1
     2.200     1.128     0.010         1
     2.250     1.127     0.010         1
     2.300     1.102     0.010         1
     2.350     1.096     0.010         1
     2.400     1.093     0.010         1
     2.450     1.074     0.010         1
     2.500     1.067     0.010         1
     2.550     1.040     0.010         1
     2.600     1.050     0.010         1
     2.650     1.018     0.010         1
     2.700     1.030     0.010         1
     2.750     1.033     0.010         1
     2.800     0.996     0.010         1
     2.850     0.972     0.010         1
     2.900     0.960     0.010         1
     2.950     0.974     0.010         1
     3.000     0.959     0.010         1
     3.050     0.972     0.010         1
     3.100     0.938     0.010         1
     3.150     0.914     0.010         1
     3.200     0.898     0.010         1
     3.250     0.862     0.010         1
     3.300     0.823     0.010         1
     3.350     0.810     0.010         1
     3.400     0.777     0.010         1
     3.450     0.747     0.010         1
     3.500     0.731     0.010         1
     3.550     0.718     0.010         1
     3.600     0.697     0.010         1
     3.650     0.664     0.010         1
     3.700     0.630     0.010         1
     3.750     0.620     0.010         1
     3.800     0.591     0.010         1
     3.850     0.573     0.010         1
     3.900     0.553     0.010         1
     3.950     0.501     0.010         1
     4.000     0.504     0.010         1
     4.050     0.466     0.010         1
     4.100     0.445     0.010         1
     4.150     0.420     0.010         1
     4.200     0.405     0.010         1
     4.250     0.365     0.010         1
     4.300     0.357     0.010         1
     4.350     0.318     0.010         1
     4.400     0.319     0.010         1
     4.450     0.289     0.010         1
     4.500     0.262     0.010         1
     4.550     0.249     0.010         1
     4.600     0.209     0.010         1
     4.650     0.185     0.010         1
     4.700     0.138     0.010         1
     4.750     0.122     0.010         1
     4.800     0.094     0.010         1
     4.850     0.078     0.010         1
     4.900     0.056     0.010         1
     4.950     0.019     0.010         1
     5.000     1.000     0.000         0
     5.050     0.012     0.010         1
     5.100     0.055     0.010         1
     5.150     0.093     0.010         1
     5.200     0.094     0.010         1
     5.250     0.101     0.010         1
     5.300     0.164     0.010         1
     5.350     0.182     0.010         1
     5.400     0.204     0.010         1
     5.450     0.228     0.010         1
     5.500     0.261     0.010         1
     5.550     0.275     0.010         1
     5.600     0.309     0.010         1
     5.650     0.331     0.010         1
     5.700     0.340     0.010         1
     5.750     0.352     0.010         1
     5.800     0.410     0.010         1
     5.850     0.419     0.010         1
     5.900     0.452     0.010         1
     5.950     0.468     0.010         1
     6.000     0.485     0.010         1
     6.050     0.531     0.010         1
     6.100     0.538     0.010         1
     6.150     0.558     0.010         1
     6.200     0.589     0.010         1
     6.250     0.615     0.010         1
     6.300     0.641     0.010         1
     6.350     0.659     0.010         1
     6.400     0.677     0.010         1
     6.450     0.690     0.010         1
     6.500     0.730     0.010         1
     6.550     0.752     0.010         1
     6.600     0.761     0.010         1
     6.650     0.785     0.010         1
     6.700     0.827     0.010         1
     6.750     0.831     0.010         1
     6.800     0.878     0.010         1
     6.850     0.864     0.010         1
     6.900     0.897     0.010         1
     6.950     0.924     0.010         1
     7.000     0.940     0.010         1
     7.050     0.952     0.010         1
     7.100     0.950     0.010         1
     7.150     0.962     0.010         1
     7.200     0.971     0.010         1
     7.250     0.978     0.010         1
     7.300     1.000     0.010         1
     7.350     1.001     0.010         1
     7.400     1.024     0.010         1
     7.450     1.026     0.010         1
     7.500     1.050     0.010         1
     7.550     1.050     0.010         1
     7.600     1.078     0.010         1
     7.650     1.076     0.010         1
     7.700     1.091     0.010         1
     7.750     1.114     0.010         1
     7.800     1.117     0.010         1
     7.850     1.114     0.010         1
     7.900     1.130     0.010         1
     7.950     1.152     0.010         1
     8.000     1.152     0.010         1
     8.050     1.181     0.010         1
     8.100     1.172     0.010         1
     8.150     1.204     0.010         1
     8.200     1.223     0.010         1
     8.250     1.218     0.010         1
     8.300     1.232     0.010         1
     8.350     1.243     0.010         1
     8.400     1.265     0.010         1
     8.450     1.269     0.010         1
     8.500     1.268     0.010         1
     8.550     1.298     0.010         1
     8.600     1.298     0.010         1
     8.650     1.324     0.010         1
     8.700     1.328     0.010         1
     8.750     1.336     0.010         1
     8.800     1.366     0.010         1
     8.850     1.377     0.010         1
     8.900     1.363     0.010         1
     8.950     1.379     0.010         1
     9.000     1.404     0.010         1
     9.050     1.411     0.010         1
     9.100     1.420     0.010         1
     9.150     1.427     0.010         1
     9.200     1.435     0.010         1
     9.250     1.458     0.010         1
     9.300     1.447     0.010         1
     9.350     1.470     0.010         1
     9.400     1.472     0.010         1
     9.450     1.502     0.010         1
     9.500     1.511     0.010         1
     9.550     1.517     0.010         1
     9.600     1.529     0.010         1
     9.650     1.536     0.010         1
     9.700     1.556     0.010         1
     9.750     1.566     0.010         1
     9.800     1.566     0.010         1
     9.850     1.586     0.010         1
     9.900     1.620     0.010         1
     6.000    -1.000     0.000         0
     2.150     1.332     0.010         1
     2.200     1.314     0.010         1
     2.250     1.320     0.010         1
     2.300     1.309     0.010         1
     2.350     1.288     0.010         1
     2.400     1.272     0.010         1
     2.450     1.252     0.010         1
     2.500     1.270     0.010         1
     2.550     1.256     0.010         1
     2.600     1.252     0.010         1
     2.650     1.231     0.010         1
     2.700     1.214     0.010         1
     2.750     1.211     0.010         1
     2.800     1.207     0.010         1
     2.850     1.177     0.010         1
     2.900     1.160     0.010         1
     2.950     1.166     0.010         1
     3.000     1.157     0.010         1
     3.050     1.137     0.010         1
     3.100     1.140     0.010         1
     3.150     1.131     0.010         1
     3.200     1.125     0.010         1
     3.250     1.107     0.010         1
     3.300     1.080     0.010         1
     3.350     1.091     0.010         1
     3.400     1.055     0.010         1
     3.450     1.075     0.010         1
     3.500     1.057     0.010         1
     3.550     1.044     0.010         1
     3.600     1.052     0.010         1
     3.650     1.053     0.010         1
     3.700     1.011     0.010         1
     3.750     1.000     0.010         1
     3.800     0.981     0.010         1
     3.850     0.974     0.010         1
     3.900     0.967     0.010         1
     3.950     0.944     0.010         1
     4.000     0.924     0.010         1
     4.050     0.919     0.010         1
     4.100     0.921     0.010         1
     4.150     0.905     0.010         1
     4.200     0.894     0.010         1
     4.250     0.862     0.010         1
     4.300     0.838     0.010         1
     4.350     0.816     0.010         1
     4.400     0.806     0.010         1
     4.450     0.765     0.010         1
     4.500     0.739     0.010         1
     4.550     0.726     0.010         1
     4.600     0.686     0.010         1
     4.650     0.667     0.010         1
     4.700     0.632     0.010         1
     4.750     0.619     0.010         1
     4.800     0.594     0.010         1
     4.850     0.581     0.010         1
     4.900     0.556     0.010         1
     4.950     0.528     0.010         1
     5.000     0.477     0.010         1
     5.050     0.466     0.010         1
     5.100     0.453     0.010         1
     5.150     0.395     0.010         1
     5.200     0.392     0.010         1
     5.250     0.369     0.010         1
     5.300     0.340     0.010         1
     5.350     0.309     0.010         1
     5.400     0.289     0.010         1
     5.450     0.279     0.010         1
     5.500     0.258     0.010         1
     5.550     0.212     0.010         1
     5.600     0.216     0.010         1
     5.650     0.173     0.010         1
     5.700     0.162     0.010         1
     5.750     0.115     0.010         1
     5.800     0.093     0.010         1
     5.850     0.071     0.010         1
     5.900     0.041     0.010         1
     6.000     1.000     0.000         0
     6.050     0.017     0.010         1
     6.100     0.034     0.010         1
     6.150     0.073     0.010         1
     6.200     0.089     0.010         1
     6.250     0.115     0.010         1
     6.300     0.124     0.010         1
     6.350     0.160     0.010         1
     6.400     0.189     0.010         1
     6.450     0.229     0.010         1
     6.500     0.247     0.010         1
     6.550     0.249     0.010         1
     6.600     0.281     0.010         1
     6.650     0.313     0.010         1
     6.700     0.320     0.010         1
     6.750     0.337     0.010         1
     6.800     0.352     0.010         1
     6.850     0.379     0.010         1
     6.900     0.385     0.010         1
     6.950     0.439     0.010         1
     7.000     0.452     0.010         1
     7.050     0.489     0.010         1
     7.100     0.485     0.010         1
     7.150     0.528     0.010         1
     7.200     0.537     0.010         1
     7.250     0.563     0.010         1
     7.300     0.580     0.010         1
     7.350     0.606     0.010         1
     7.400     0.631     0.010         1
     7.450     0.634     0.010         1
     7.500     0.683     0.010         1
     7.550     0.700     0.010         1
     7.600     0.729     0.010         1
     7.650     0.747     0.010         1
     7.700     0.733     0.010         1
     7.750     0.742     0.010         1
     7.800     0.773     0.010         1
     7.850     0.788     0.010         1
     7.900     0.788     0.010         1
     7.950     0.796     0.010         1
     8.000     0.820     0.010         1
     8.050     0.833     0.010         1
     8.100     0.847     0.010         1
     8.150     0.838     0.010         1
     8.200     0.868     0.010         1
     8.250     0.864     0.010         1
     8.300     0.872     0.010         1
     8.350     0.909     0.010         1
     8.400     0.934     0.010         1
     8.450     0.912     0.010         1
     8.500     0.914     0.010         1
     8.550     0.930     0.010         1
     8.600     0.955     0.010         1
     8.650     0.953     0.010         1
     8.700     0.970     0.010         1
     8.750     0.989     0.010         1
     8.800     0.986     0.010         1
     8.850     1.007     0.010         1
     8.900     1.022     0.010         1
     8.950     1.023     0.010         1
     9.000     1.048     0.010         1
     9.050     1.047     0.010         1
     9.100     1.062     0.010         1
     9.150     1.080     0.010         1
     9.200     1.093     0.010         1
     9.250     1.097     0.010         1
     9.300     1.110     0.010         1
     9.350     1.125     0.010         1
     9.400     1.136     0.010         1
     9.450     1.126     0.010         1
     9.500     1.155     0.010         1
     9.550     1.168     0.010         1
     9.600     1.175     0.010         1
     9.650     1.207     0.010         1
     9.700     1.185     0.010         1
     9.750     1.206     0.010         1
     9.800     1.250     0.010         1
     9.850     1.245     0.010         1
     9.900     1.263     0.010         1
     9.950     1.273     0.010         1
     7.000    -1.000     0.000         0
     2.500     1.520     0.010         1
     2.550     1.487     0.010         1
     2.600     1.498     0.010         1
     2.650     1.470     0.010         1
     2.700     1.456     0.010         1
     2.750     1.452     0.010         1
     2.800     1.458     0.010         1
     2.850     1.435     0.010         1
     2.900     1.404     0.010         1
     2.950     1.403     0.010         1
     3.000     1.390     0.010         1
     3.050     1.391     0.010         1
     3.100     1.386     0.010         1
     3.150     1.365     0.010         1
     3.200     1.358     0.010         1
     3.250     1.341     0.010         1
     3.300     1.360     0.010         1
     3.350     1.342     0.010         1
     3.400     1.322     0.010         1
     3.450     1.314     0.010         1
     3.500     1.304     0.010         1
     3.550     1.291     0.010         1
     3.600     1.299     0.010         1
     3.650     1.282     0.010         1
     3.700     1.253     0.010         1
     3.750     1.250     0.010         1
     3.800     1.221     0.010         1
     3.850     1.226     0.010         1
     3.900     1.207     0.010         1
     3.950     1.192     0.010         1
     4.000     1.196     0.010         1
     4.050     1.180     0.010         1
     4.100     1.170     0.010         1
     4.150     1.146     0.010         1
     4.200     1.141     0.010         1
     4.250     1.127     0.010         1
     4.300     1.125     0.010         1
     4.350     1.106     0.010         1
     4.400     1.097     0.010         1
     4.450     1.064     0.010         1
     4.500     1.058     0.010         1
     4.550     1.051     0.010         1
     4.600     1.039     0.010         1
     4.650     1.034     0.010         1
     4.700     1.010     0.010         1
     4.750     1.000     0.010         1
     4.800     1.000     0.010         1
     4.850     0.966     0.010         1
     4.900     0.950     0.010         1
     4.950     0.946     0.010         1
     5.000     0.916     0.010         1
     5.050     0.923     0.010         1
     5.100     0.889     0.010         1
     5.150     0.885     0.010         1
     5.200     0.846     0.010         1
     5.250     0.830     0.010         1
     5.300     0.796     0.010         1
     5.350     0.772     0.010         1
     5.400     0.758     0.010         1
     5.450     0.722     0.010         1
     5.500     0.711     0.010         1
     5.550     0.678     0.010         1
     5.600     0.646     0.010         1
     5.650     0.645     0.010         1
     5.700     0.602     0.010         1
     5.750     0.576     0.010         1
     5.800     0.557     0.010         1
     5.850     0.542     0.010         1
     5.900     0.490     0.010         1
     5.950     0.467     0.010         1
     6.000     0.443     0.010         1
     6.050     0.436     0.010         1
     6.100     0.407     0.010         1
     6.150     0.357     0.010         1
     6.200     0.359     0.010         1
     6.250     0.328     0.010         1
     6.300     0.316     0.010         1
     6.350     0.301     0.010         1
     6.400     0.274     0.010         1
     6.450     0.263     0.010         1
     6.500     0.222     0.010         1
     6.550     0.205     0.010         1
     6.600     0.189     0.010         1
     6.650     0.142     0.010         1
     6.700     0.128     0.010         1
     6.750     0.115     0.010         1
     6.800     0.084     0.010         1
     6.850     0.071     0.010         1
     6.900     0.026     0.010         1
     6.950     0.032     0.010         1
     7.000     1.000     0.000         0
     7.050     0.034     0.010         1
     7.100     0.024     0.010         1
     7.150     0.045     0.010         1
     7.200     0.084     0.010         1
     7.250     0.104     0.010         1
     7.300     0.141     0.010         1
     7.350     0.157     0.010         1
     7.400     0.174     0.010         1
     7.450     0.198     0.010         1
     7.500     0.222     0.010         1
     7.550     0.248     0.010         1
     7.600     0.260     0.010         1
     7.650     0.285     0.010         1
     7.700     0.282     0.010         1
     7.750     0.320     0.010         1
     7.800     0.376     0.010         1
     7.850     0.384     0.010         1
     7.900     0.402     0.010         1
     7.950     0.419     0.010         1
     8.000     0.434     0.010         1
     8.050     0.485     0.010         1
     8.100     0.482     0.010         1
     8.150     0.497     0.010         1
     8.200     0.515     0.010         1
     8.250     0.542     0.010         1
     8.300     0.568     0.010         1
     8.350     0.583     0.010         1
     8.400     0.596     0.010         1
     8.450     0.624     0.010         1
     8.500     0.636     0.010         1
     8.550     0.639     0.010         1
     8.600     0.647     0.010         1
     8.650     0.657     0.010         1
     8.700     0.672     0.010         1
     8.750     0.703     0.010         1
     8.800     0.682     0.010         1
     8.850     0.718     0.010         1
     8.900     0.712     0.010         1
     8.950     0.726     0.010         1
     9.000     0.740     0.010         1
     9.050     0.750     0.010         1
     9.100     0.760     0.010         1
     9.150     0.769     0.010         1
     9.200     0.778     0.010         1
     9.250     0.787     0.010         1
     9.300     0.806     0.010         1
     9.350     0.821     0.010         1
     9.400     0.845     0.010         1
     9.450     0.837     0.010         1
     9.500     0.852     0.010         1
     9.550     0.859     0.010         1
     9.600     0.883     0.010         1
     9.650     0.872     0.010         1
     9.700     0.900     0.010         1
     9.750     0.925     0.010         1
     9.800     0.919     0.010         1
     9.850     0.948     0.010         1
     9.900     0.970     0.010         1
     9.950     0.968     0.010         1
     8.000    -1.000     0.000         0
     3.500     1.563     0.010         1
     3.550     1.531     0.010         1
     3.600     1.532     0.010         1
     3.650     1.507     0.010         1
     3.700     1.504     0.010         1
     3.750     1.480     0.010         1
     3.800     1.475     0.010         1
     3.850     1.471     0.010         1
     3.900     1.440     0.010         1
     3.950     1.440     0.010         1
     4.000     1.423     0.010         1
     4.050     1.411     0.010         1
     4.100     1.404     0.010         1
     4.150     1.378     0.010         1
     4.200     1.372     0.010         1
     4.250     1.374     0.010         1
     4.300     1.364     0.010         1
     4.350     1.338     0.010         1
     4.400     1.338     0.010         1
     4.450     1.325     0.010         1
     4.500     1.292     0.010         1
     4.550     1.295     0.010         1
     4.600     1.281     0.010         1
     4.650     1.271     0.010         1
     4.700     1.256     0.010         1
     4.750     1.255     0.010         1
     4.800     1.220     0.010         1
     4.850     1.208     0.010         1
     4.900     1.205     0.010         1
     4.950     1.197     0.010         1
     5.000     1.165     0.010         1
     5.050     1.128     0.010         1
     5.100     1.135     0.010         1
     5.150     1.117     0.010         1
     5.200     1.066     0.010         1
     5.250     1.073     0.010         1
     5.300     1.074     0.010         1
     5.350     1.033     0.010         1
     5.400     1.011     0.010         1
     5.450     1.000     0.010         1
     5.500     0.982     0.010         1
     5.550     0.973     0.010         1
     5.600     0.939     0.010         1
     5.650     0.929     0.010         1
     5.700     0.894     0.010         1
     5.750     0.908     0.010         1
     5.800     0.868     0.010         1
     5.850     0.849     0.010         1
     5.900     0.838     0.010         1
     5.950     0.838     0.010         1
     6.000     0.806     0.010         1
     6.050     0.797     0.010         1
     6.100     0.772     0.010         1
     6.150     0.745     0.010         1
     6.200     0.754     0.010         1
     6.250     0.742     0.010         1
     6.300     0.720     0.010         1
     6.350     0.702     0.010         1
     6.400     0.678     0.010         1
     6.450     0.669     0.010         1
     6.500     0.647     0.010         1
     6.550     0.652     0.010         1
     6.600     0.608     0.010         1
     6.650     0.612     0.010         1
     6.700     0.562     0.010         1
     6.750     0.547     0.010         1
     6.800     0.518     0.010         1
     6.850     0.494     0.010         1
     6.900     0.500     0.010         1
     6.950     0.475     0.010         1
     7.000     0.431     0.010         1
     7.050     0.411     0.010         1
     7.100     0.388     0.010         1
     7.150     0.375     0.010         1
     7.200     0.334     0.010         1
     7.250     0.336     0.010         1
     7.300     0.320     0.010         1
     7.350     0.299     0.010         1
     7.400     0.267     0.010         1
     7.450     0.242     0.010         1
     7.500     0.237     0.010         1
     7.550     0.186     0.010         1
     7.600     0.166     0.010         1
     7.650     0.162     0.010         1
     7.700     0.141     0.010         1
     7.750     0.109     0.010         1
     7.800     0.087     0.010         1
     7.850     0.068     0.010         1
     7.900     0.036     0.010         1
     8.000     1.000     0.000         0
     8.050     0.044     0.010         1
     8.100     0.038     0.010         1
     8.150     0.078     0.010         1
     8.200     0.089     0.010         1
     8.250     0.089     0.010         1
     8.300     0.126     0.010         1
     8.350     0.152     0.010         1
     8.400     0.174     0.010         1
     8.450     0.199     0.010         1
     8.500     0.217     0.010         1
     8.550     0.232     0.010         1
     8.600     0.257     0.010         1
     8.650     0.283     0.010         1
     8.700     0.296     0.010         1
     8.750     0.329     0.010         1
     8.800     0.337     0.010         1
     8.850     0.359     0.010         1
     8.900     0.387     0.010         1
     8.950     0.393     0.010         1
     9.000     0.422     0.010         1
     9.050     0.465     0.010         1
     9.100     0.449     0.010         1
     9.150     0.458     0.010         1
     9.200     0.470     0.010         1
     9.250     0.506     0.010         1
     9.300     0.487     0.010         1
     9.350     0.519     0.010         1
     9.400     0.525     0.010         1
     9.450     0.548     0.010         1
     9.500     0.563     0.010         1
     9.550     0.570     0.010         1
     9.600     0.574     0.010         1
     9.650     0.594     0.010         1
     9.700     0.600     0.010         1
     9.750     0.612     0.010         1
     9.800     0.644     0.010         1
     9.850     0.613     0.010         1
     9.900     0.646     0.010         1
     9.950     0.633     0.010         1
     9.000    -1.000     0.000         0
     4.000     1.657     0.010         1
     4.050     1.650     0.010         1
     4.100     1.645     0.010         1
     4.150     1.610     0.010         1
     4.200     1.605     0.010         1
     4.250     1.603     0.010         1
     4.300     1.571     0.010         1
     4.350     1.568     0.010         1
     4.400     1.561     0.010         1
     4.450     1.550     0.010         1
     4.500     1.538     0.010         1
     4.550     1.530     0.010         1
     4.600     1.515     0.010         1
     4.650     1.505     0.010         1
     4.700     1.494     0.010         1
     4.750     1.481     0.010         1
     4.800     1.471     0.010         1
     4.850     1.439     0.010         1
     4.900     1.440     0.010         1
     4.950     1.402     0.010         1
     5.000     1.394     0.010         1
     5.050     1.380     0.010         1
     5.100     1.359     0.010         1
     5.150     1.359     0.010         1
     5.200     1.312     0.010         1
     5.250     1.293     0.010         1
     5.300     1.284     0.010         1
     5.350     1.268     0.010         1
     5.400     1.246     0.010         1
     5.450     1.230     0.010         1
     5.500     1.214     0.010         1
     5.550     1.191     0.010         1
     5.600     1.175     0.010         1
     5.650     1.167     0.010         1
     5.700     1.146     0.010         1
     5.750     1.116     0.010         1
     5.800     1.109     0.010         1
     5.850     1.082     0.010         1
     5.900     1.078     0.010         1
     5.950     1.063     0.010         1
     6.000     1.033     0.010         1
     6.050     1.026     0.010         1
     6.100     1.018     0.010         1
     6.150     0.996     0.010         1
     6.200     0.989     0.010         1
     6.250     0.986     0.010         1
     6.300     0.953     0.010         1
     6.350     0.931     0.010         1
     6.400     0.929     0.010         1
     6.450     0.916     0.010         1
     6.500     0.873     0.010         1
     6.550     0.866     0.010         1
     6.600     0.845     0.010         1
     6.650     0.826     0.010         1
     6.700     0.846     0.010         1
     6.750     0.823     0.010         1
     6.800     0.822     0.010         1
     6.850     0.790     0.010         1
     6.900     0.765     0.010         1
     6.950     0.759     0.010         1
     7.000     0.745     0.010         1
     7.050     0.740     0.010         1
     7.100     0.712     0.010         1
     7.150     0.697     0.010         1
     7.200     0.679     0.010         1
     7.250     0.650     0.010         1
     7.300     0.641     0.010         1
     7.350     0.645     0.010         1
     7.400     0.618     0.010         1
     7.450     0.606     0.010         1
     7.500     0.576     0.010         1
     7.550     0.557     0.010         1
     7.600     0.552     0.010         1
     7.650     0.537     0.010         1
     7.700     0.519     0.010         1
     7.750     0.510     0.010         1
     7.800     0.508     0.010         1
     7.850     0.477     0.010         1
     7.900     0.458     0.010         1
     7.950     0.432     0.010         1
     8.000     0.424     0.010         1
     8.050     0.402     0.010         1
     8.100     0.370     0.010         1
     8.150     0.353     0.010         1
     8.200     0.329     0.010         1
     8.250     0.309     0.010         1
     8.300     0.278     0.010         1
     8.350     0.261     0.010         1
     8.400     0.243     0.010         1
     8.450     0.214     0.010         1
     8.500     0.205     0.010         1
     8.550     0.184     0.010         1
     8.600     0.180     0.010         1
     8.650     0.143     0.010         1
     8.700     0.131     0.010         1
     8.750     0.095     0.010         1
     8.800     0.085     0.010         1
     8.850     0.059     0.010         1
     8.900     0.036     0.010         1
     8.950     0.011     0.010         1
     9.000     1.000     0.000         0
     9.050     0.010     0.010         1
     9.100     0.034     0.010         1
     9.150     0.071     0.010         1
     9.200     0.062     0.010         1
     9.250     0.110     0.010         1
     9.300     0.141     0.010         1
     9.350     0.151     0.010         1
     9.400     0.166     0.010         1
     9.450     0.192     0.010         1
     9.500     0.211     0.010         1
     9.550     0.250     0.010         1
     9.600     0.273     0.010         1
     9.650     0.263     0.010         1
     9.700     0.302     0.010         1
     9.750     0.324     0.010         1
     9.800     0.340     0.010         1
     9.850     0.350     0.010         1
     9.900     0.365     0.010         1
     9.950     0.402     0.010         1
    10.000    -1.000     0.000         0
     4.950     1.647     0.010         1
     5.000     1.641     0.010         1
     5.050     1.606     0.010         1
     5.100     1.595     0.010         1
     5.150     1.571     0.010         1
     5.200     1.547     0.010         1
     5.250     1.540     0.010         1
     5.300     1.511     0.010         1
     5.350     1.506     0.010         1
     5.400     1.483     0.010         1
     5.450     1.482     0.010         1
     5.500     1.443     0.010         1
     5.550     1.426     0.010         1
     5.600     1.426     0.010         1
     5.650     1.409     0.010         1
     5.700     1.391     0.010         1
     5.750     1.359     0.010         1
     5.800     1.324     0.010         1
     5.850     1.346     0.010         1
     5.900     1.297     0.010         1
     5.950     1.307     0.010         1
     6.000     1.262     0.010         1
     6.050     1.261     0.010         1
     6.100     1.259     0.010         1
     6.150     1.242     0.010         1
     6.200     1.207     0.010         1
     6.250     1.199     0.010         1
     6.300     1.180     0.010         1
     6.350     1.165     0.010         1
     6.400     1.167     0.010         1
     6.450     1.143     0.010         1
     6.500     1.108     0.010         1
     6.550     1.108     0.010         1
     6.600     1.085     0.010         1
     6.650     1.085     0.010         1
     6.700     1.050     0.010         1
     6.750     1.035     0.010         1
     6.800     1.042     0.010         1
     6.850     1.015     0.010         1
     6.900     1.035     0.010         1
     6.950     0.965     0.010         1
     7.000     0.970     0.010         1
     7.050     0.966     0.010         1
     7.100     0.968     0.010         1
     7.150     0.922     0.010         1
     7.200     0.912     0.010         1
     7.250     0.895     0.010         1
     7.300     0.885     0.010         1
     7.350     0.876     0.010         1
     7.400     0.848     0.010         1
     7.450     0.838     0.010         1
     7.500     0.811     0.010         1
     7.550     0.806     0.010         1
     7.600     0.782     0.010         1
     7.650     0.773     0.010         1
     7.700     0.772     0.010         1
     7.750     0.741     0.010         1
     7.800     0.734     0.010         1
     7.850     0.717     0.010         1
     7.900     0.692     0.010         1
     7.950     0.672     0.010         1
     8.000     0.667     0.010         1
     8.050     0.660     0.010         1
     8.100     0.640     0.010         1
     8.150     0.631     0.010         1
     8.200     0.605     0.010         1
     8.250     0.605     0.010         1
     8.300     0.584     0.010         1
     8.350     0.568     0.010         1
     8.400     0.538     0.010         1
     8.450     0.562     0.010         1
     8.500     0.515     0.010         1
     8.550     0.495     0.010         1
     8.600     0.501     0.010         1
     8.650     0.492     0.010         1
     8.700     0.472     0.010         1
     8.750     0.457     0.010         1
     8.800     0.441     0.010         1
     8.850     0.414     0.010         1
     8.900     0.408     0.010         1
     8.950     0.417     0.010         1
     9.000     0.383     0.010         1
     9.050     0.388     0.010         1
     9.100     0.334     0.010         1
     9.150     0.366     0.010         1
     9.200     0.332     0.010         1
     9.250     0.334     0.010         1
     9.300     0.321     0.010         1
     9.350     0.284     0.010         1
     9.400     0.268     0.010         1
     9.450     0.236     0.010         1
     9.500     0.228     0.010         1
     9.550     0.198     0.010         1
     9.600     0.191     0.010         1
     9.650     0.140     0.010         1
     9.700     0.134     0.010         1
     9.750     0.106     0.010         1
     9.800     0.105     0.010         1
     9.850     0.049     0.010         1
     9.900     0.030     0.010         1
     9.950     0.011     0.010         1
     0.000     0.000     0.000        -1
