     5.070     1.000     0.000         0
     5.199     0.043     0.025         1
    21.339     2.934     0.025         1
    27.932     4.033     0.025         1
    40.550     6.113     0.025         1
    45.167     6.886     0.025         1
    49.788     7.727     0.025         1
    54.242     8.435     0.025         1
    56.894     8.801     0.025         1
    58.513     9.210     0.025         1
    60.004     9.358     0.025         1
    60.204     9.355     0.025         1
    61.896     9.609     0.025         1
    64.009     9.939     0.025         1
    65.675    10.244     0.025         1
    66.797    10.507     0.035         1
    69.195    10.843     0.025         1
    73.087    11.490     0.035         1
    73.780    11.627     0.025         1
    73.854    11.659     0.025         1
    74.367    11.774     0.025         1
    75.171    11.888     0.025         1
    77.959    12.397     0.035         1
    79.847    12.698     0.025         1
    80.278    12.763     0.025         1
    80.323    12.730     0.025         1
    80.910    12.823     0.025         1
    82.177    13.027     0.025         1
    83.159    13.149     0.025         1
    84.260    13.337     0.035         1
    85.506    13.543     0.035         1
    86.068    13.614     0.035         1
    86.616    13.721     0.025         1
    87.720    13.875     0.025         1
    88.423    14.035     0.035         1
    88.949    14.098     0.035         1
    89.539    14.210     0.025         1
    90.475    14.360     0.035         1
    91.911    14.610     0.035         1
    94.091    14.903     0.035         1
    95.982    15.211     0.035         1
    96.978    15.311     0.050         1
    98.085    15.497     0.050         1
    98.490    15.529     0.035         1
    99.244    15.649     0.035         1
    99.678    15.748     0.025         1
   100.304    15.882     0.035         1
   101.229    15.998     0.035         1
   102.170    16.162     0.025         1
   104.691    16.643     0.075         1
   106.435    16.932     0.050         1
   107.741    17.137     0.035         1
   108.658    17.297     0.035         1
   109.472    17.434     0.035         1
   110.627    17.614     0.035         1
   111.638    17.748     0.035         1
   112.655    17.902     0.035         1
   113.657    18.054     0.035         1
   114.688    18.195     0.035         1
   115.578    18.335     0.035         1
   116.502    18.524     0.050         1
   117.524    18.700     0.175         1
   118.377    18.863     0.050         1
   119.362    19.005     0.050         1
   120.305    19.175     0.035         1
   121.356    19.399     0.035         1
   122.428    19.568     0.035         1
   123.421    19.713     0.035         1
   124.522    19.858     0.035         1
   126.417    20.210     0.050         1
   127.429    20.372     0.175         1
   128.480    20.562     0.050         1
   129.434    20.750     0.035         1
   130.525    20.930     0.050         1
   131.788    21.139     0.050         1
   132.986    21.319     0.035         1
   133.950    21.464     0.050         1
   135.007    21.648     0.035         1
   137.126    22.009     0.035         1
   138.985    22.290     0.035         1
   139.863    22.461     0.050         1
   140.814    22.603     0.050         1
   141.814    22.756     0.035         1
   143.813    23.099     0.035         1
   144.767    23.285     0.125         1
   145.747    23.422     0.150         1
   146.691    23.605     0.050         1
   147.572    23.752     0.125         1
   148.629    23.915     0.175         1
   149.532    24.066     0.050         1
   150.513    24.246     0.175         1
   160.776    25.922     0.050         1
   161.727    26.066     0.050         1
   162.719    26.227     0.175         1
   164.742    26.569     0.050         1
   165.788    26.738     0.150         1
   168.799    27.259     0.175         1
   172.928    27.962     0.125         1
   114.688    19.544     0.050         2
   115.578    19.664     0.035         2
   116.502    19.810     0.050         2
   117.524    19.953     0.150         2
   118.377    20.089     0.175         2
   119.362    20.223     0.150         2
   120.305    20.355     0.100         2
   121.356    20.517     0.125         2
   122.428    20.691     0.100         2
   123.421    20.820     0.100         2
   124.522    20.958     0.050         2
   125.537    21.139     0.050         2
   126.417    21.299     0.050         2
   128.480    21.578     0.075         2
   129.434    21.712     0.050         2
   130.525    21.869     0.050         2
   131.788    22.135     0.100         2
   132.986    22.294     0.050         2
   133.950    22.483     0.125         2
   135.007    22.610     0.050         2
   136.033    22.787     0.050         2
   137.126    22.981     0.035         2
   138.034    23.121     0.050         2
   138.985    23.202     0.035         2
   139.863    23.364     0.035         2
   140.814    23.493     0.035         2
   141.814    23.632     0.035         2
   142.918    23.816     0.050         2
   143.813    23.945     0.035         2
   144.767    24.103     0.035         2
   145.747    24.301     0.050         2
   146.691    24.443     0.035         2
   147.572    24.610     0.050         2
   148.629    24.716     0.050         2
   149.532    24.825     0.050         2
   150.513    24.977     0.050         2
   154.927    25.686     0.075         2
   162.719    26.931     0.050         2
   163.693    27.115     0.050         2
   164.742    27.284     0.050         2
   165.788    27.434     0.050         2
   166.949    27.598     0.075         2
   167.829    27.689     0.035         2
   167.969    27.711     0.050         2
   168.799    27.881     0.035         2
   169.833    28.081     0.075         2
   170.929    28.289     0.050         2
   171.879    28.456     0.175         2
   172.928    28.615     0.075         2
   179.002    29.679     0.050         2
   181.023    30.015     0.050         2
   182.013    30.169     0.035         2
   183.150    30.400     0.035         2
   184.069    30.554     0.125         2
   185.337    30.731     0.035         2
   185.927    30.838     0.035         2
   187.023    31.008     0.035         2
   188.059    31.171     0.050         2
    85.506    17.156     0.050         3
    86.068    17.215     0.175         3
    86.616    17.282     0.150         3
    87.720    17.413     0.175         3
    88.423    17.500     0.125         3
    88.949    17.567     0.100         3
    89.539    17.632     0.150         3
    90.475    17.755     0.175         3
    94.091    18.138     0.125         3
    95.982    18.384     0.175         3
    96.978    18.498     0.125         3
    98.085    18.643     0.125         3
    98.490    18.689     0.050         3
    99.244    18.782     0.050         3
    99.678    18.833     0.050         3
   100.304    18.909     0.075         3
   101.229    19.018     0.050         3
   102.170    19.135     0.050         3
   107.741    19.878     0.050         3
   108.658    20.010     0.050         3
   109.472    20.124     0.050         3
   110.627    20.283     0.150         3
   111.638    20.428     0.175         3
   112.655    20.566     0.050         3
   114.688    20.827     0.035         3
   115.578    20.946     0.035         3
   116.502    21.064     0.035         3
   117.524    21.202     0.035         3
   118.377    21.313     0.035         3
   119.362    21.449     0.035         3
   120.305    21.552     0.035         3
   121.356    21.697     0.035         3
   122.428    21.849     0.050         3
   123.421    21.995     0.035         3
   124.522    22.132     0.035         3
   125.537    22.294     0.050         3
   126.417    22.421     0.035         3
   127.429    22.554     0.075         3
   128.480    22.675     0.035         3
   129.434    22.832     0.035         3
   130.525    22.962     0.075         3
   131.788    23.145     0.035         3
   132.986    23.306     0.075         3
   133.950    23.417     0.050         3
   135.007    23.549     0.035         3
   136.033    23.712     0.075         3
   137.126    23.884     0.035         3
   138.034    23.997     0.050         3
   138.985    24.118     0.035         3
   139.863    24.252     0.050         3
   140.814    24.375     0.050         3
   141.814    24.496     0.050         3
   142.918    24.650     0.075         3
   143.813    24.746     0.100         3
   144.767    24.878     0.050         3
   145.747    25.046     0.075         3
   146.691    25.177     0.075         3
   147.572    25.318     0.100         3
   148.629    25.461     0.175         3
   151.850    25.951     0.075         3
   152.922    26.097     0.100         3
   153.856    26.259     0.125         3
   155.762    26.530     0.175         3
   160.776    27.272     0.125         3
   161.727    27.439     0.125         3
   162.719    27.582     0.100         3
   163.693    27.728     0.150         3
   164.742    27.883     0.125         3
   165.788    28.033     0.125         3
   166.949    28.178     0.175         3
   167.829    28.312     0.175         3
   168.799    28.462     0.175         3
   169.833    28.620     0.150         3
   170.929    28.776     0.175         3
   171.879    28.919     0.175         3
   172.928    29.086     0.150         3
   179.002    29.997     0.035         3
   181.023    30.306     0.035         3
   182.013    30.476     0.050         3
   183.150    30.639     0.050         3
   184.069    30.771     0.050         3
   185.337    30.956     0.050         3
   185.927    31.040     0.100         3
   187.023    31.201     0.050         3
   188.059    31.329     0.050         3
   188.970    31.445     0.035         3
   190.030    31.590     0.035         3
   191.067    31.745     0.035         3
   191.998    31.868     0.035         3
   193.115    32.028     0.035         3
   194.051    32.169     0.050         3
   195.045    32.311     0.035         3
   196.111    32.459     0.050         3
   197.069    32.583     0.050         3
   198.131    32.717     0.050         3
   199.042    32.833     0.175         3
   200.059    32.961     0.050         3
   201.101    33.110     0.150         3
   202.104    33.243     0.050         3
   203.140    33.393     0.050         3
   203.810    33.489     0.050         3
   204.914    33.654     0.035         3
   205.997    33.819     0.035         3
   206.788    33.926     0.035         3
   210.178    34.430     0.050         3
   211.169    34.582     0.050         3
   212.084    34.725     0.050         3
   213.015    34.865     0.175         3
   215.545    35.396     0.050         3
   216.483    35.569     0.035         3
   217.394    35.736     0.050         3
   218.498    35.924     0.035         3
   219.534    36.094     0.175         3
   220.549    36.268     0.075         3
   221.502    36.425     0.035         3
   222.407    36.559     0.050         3
   223.421    36.745     0.175         3
   224.299    36.874     0.175         3
   225.455    37.056     0.175         3
   227.294    37.307     0.150         3
   228.252    37.487     0.050         3
   229.141    37.622     0.050         3
   230.124    37.775     0.175         3
   231.125    37.946     0.175         3
   232.131    38.101     0.100         3
   233.184    38.296     0.050         3
   234.038    38.424     0.100         3
   234.885    38.555     0.075         3
   235.894    38.715     0.075         3
   237.198    38.928     0.125         3
   160.776    26.636     0.050         5
   161.727    26.745     0.050         5
   162.719    26.879     0.050         5
   164.742    27.135     0.125         5
   165.788    27.266     0.175         5
   166.949    27.421     0.150         5
   167.829    27.538     0.050         5
   167.969    27.555     0.035         5
   168.799    27.656     0.050         5
   169.833    27.781     0.175         5
   170.929    27.923     0.100         5
   171.879    28.062     0.175         5
   172.928    28.184     0.175         5
   179.002    28.974     0.100         5
   181.023    29.219     0.075         5
   182.013    29.351     0.175         5
   183.150    29.488     0.150         5
   184.069    29.600     0.175         5
   185.337    29.753     0.050         5
   185.927    29.817     0.050         5
   187.023    29.964     0.175         5
   188.059    30.108     0.175         5
   188.970    30.214     0.050         5
   190.030    30.347     0.050         5
   191.067    30.456     0.050         5
   191.998    30.536     0.150         5
   193.115    30.712     0.175         5
   194.051    30.864     0.175         5
   195.045    31.045     0.075         5
   196.111    31.206     0.125         5
   197.069    31.326     0.075         5
   198.131    31.452     0.175         5
   199.042    31.572     0.075         5
   200.059    31.722     0.125         5
   201.101    31.852     0.175         5
   202.104    31.977     0.150         5
   203.140    32.107     0.125         5
   203.810    32.205     0.175         5
    73.217    -1.000     0.000         0
     4.714    11.514     0.050         1
    20.958     8.918     0.035         1
    26.937     7.900     0.025         1
    27.258     7.888     0.025         1
    27.957     7.717     0.025         1
    29.122     7.526     0.025         1
    30.681     7.235     0.025         1
    33.128     6.842     0.025         1
    34.066     6.613     0.025         1
    38.874     5.981     0.025         1
    43.827     5.114     0.025         1
    47.106     4.567     0.025         1
    50.330     4.035     0.025         1
    55.152     3.262     0.025         1
    60.883     2.356     0.025         1
    64.351     1.690     0.025         1
    72.161     0.282     0.025         1
    73.217     1.000     0.000         0
    74.958     0.407     0.025         1
    75.876     0.715     0.025         1
    76.939     0.808     0.025         1
    78.055     0.961     0.025         1
    80.721     1.453     0.025         1
    82.263     1.744     0.025         1
    83.213     1.890     0.025         1
    83.745     1.945     0.025         1
    84.563     2.079     0.025         1
    85.935     2.318     0.025         1
    87.187     2.504     0.025         1
    88.370     2.703     0.025         1
    89.627     2.903     0.025         1
    90.579     3.045     0.025         1
    91.543     3.201     0.025         1
    92.880     3.466     0.025         1
    93.943     3.675     0.025         1
    94.881     3.821     0.025         1
    95.853     3.990     0.025         1
    97.030     4.166     0.025         1
    98.447     4.398     0.025         1
   100.290     4.679     0.025         1
   102.108     4.991     0.025         1
   103.272     5.150     0.025         1
   104.516     5.368     0.025         1
   105.390     5.472     0.025         1
   106.434     5.628     0.025         1
   107.191     5.808     0.025         1
   107.965     5.930     0.025         1
   108.008     5.957     0.025         1
   109.215     6.088     0.025         1
   109.267     6.137     0.025         1
   109.955     6.216     0.025         1
   110.567     6.306     0.025         1
   110.580     6.342     0.025         1
   111.407     6.459     0.025         1
   112.246     6.601     0.025         1
   112.603     6.712     0.035         1
   113.094     6.732     0.025         1
   113.966     6.866     0.025         1
   114.878     6.980     0.025         1
   115.696     7.148     0.025         1
   117.271     7.443     0.035         1
   118.300     7.621     0.150         1
   119.155     7.764     0.025         1
   120.074     7.918     0.035         1
   120.946     8.045     0.025         1
   121.971     8.253     0.025         1
   123.055     8.455     0.025         1
   124.080     8.609     0.025         1
   125.197     8.740     0.025         1
   126.217     8.930     0.175         1
   127.095     9.104     0.035         1
   128.045     9.284     0.150         1
   129.023     9.463     0.035         1
   130.171     9.664     0.025         1
   131.491     9.824     0.035         1
   133.001    10.109     0.035         1
   134.632    10.398     0.025         1
   136.090    10.635     0.025         1
   137.510    10.891     0.025         1
   138.821    11.152     0.035         1
   139.593    11.275     0.025         1
   140.296    11.358     0.035         1
   141.041    11.435     0.025         1
   141.737    11.580     0.035         1
   143.511    11.836     0.025         1
   145.363    12.131     0.035         1
   146.270    12.294     0.025         1
   147.214    12.464     0.025         1
   148.105    12.594     0.035         1
   148.958    12.748     0.050         1
   149.966    12.907     0.035         1
   150.825    13.049     0.025         1
   151.751    13.200     0.025         1
   152.732    13.395     0.050         1
   153.114    13.462     0.175         1
   153.820    13.588     0.050         1
   154.911    13.810     0.050         1
   155.806    13.961     0.075         1
   161.042    14.740     0.050         1
   161.986    14.912     0.050         1
   162.976    15.084     0.175         1
   163.941    15.253     0.125         1
   168.630    16.032     0.035         1
   169.562    16.177     0.075         1
   171.667    16.579     0.050         1
   179.722    18.154     0.075         1
   181.715    18.527     0.050         1
   182.716    18.696     0.150         1
   183.801    18.891     0.100         1
   184.648    19.040     0.100         1
   185.712    19.181     0.050         1
   186.262    19.306     0.050         1
   187.270    19.473     0.100         1
   189.141    19.738     0.125         1
   190.182    19.925     0.050         1
   191.225    20.038     0.100         1
   192.175    20.174     0.100         1
   193.312    20.356     0.100         1
   194.270    20.484     0.035         1
   195.302    20.648     0.035         1
   196.383    20.846     0.050         1
   198.408    21.187     0.050         1
   200.301    21.499     0.125         1
   202.430    21.864     0.175         1
   203.501    22.009     0.075         1
   205.286    22.284     0.125         1
   206.393    22.456     0.100         1
   207.178    22.590     0.075         1
   208.203    22.772     0.100         1
   161.042    17.975     0.050         3
   161.986    18.105     0.175         3
   162.976    18.241     0.150         3
   163.941    18.341     0.125         3
   164.870    18.470     0.050         3
   165.830    18.619     0.075         3
   166.955    18.767     0.075         3
   167.970    18.910     0.050         3
   168.630    19.009     0.100         3
   169.562    19.150     0.075         3
   170.578    19.287     0.075         3
   171.667    19.448     0.050         3
   172.627    19.577     0.050         3
   173.725    19.722     0.075         3
   179.722    20.505     0.050         3
   181.715    20.798     0.125         3
   182.716    20.923     0.125         3
   183.801    21.080     0.050         3
   184.648    21.210     0.050         3
   185.712    21.339     0.100         3
   186.262    21.440     0.175         3
   187.270    21.572     0.050         3
   188.274    21.709     0.150         3
   189.141    21.826     0.100         3
   190.182    21.914     0.175         3
   191.225    22.025     0.075         3
   192.175    22.129     0.125         3
   194.270    22.470     0.100         3
   195.302    22.577     0.175         3
   196.383    22.700     0.050         3
   197.355    22.826     0.150         3
   201.397    23.383     0.075         3
   202.430    23.525     0.050         3
   203.501    23.662     0.050         3
   204.182    23.762     0.035         3
   205.286    23.945     0.050         3
   206.393    24.104     0.050         3
   207.178    24.227     0.150         3
   208.203    24.384     0.050         3
   209.600    24.593     0.075         3
   210.555    24.733     0.075         3
   211.553    24.883     0.150         3
   212.477    25.011     0.075         3
   213.403    25.139     0.050         3
   214.784    25.337     0.150         3
   215.926    25.483     0.050         3
   216.846    25.632     0.175         3
   217.717    25.757     0.125         3
   218.798    25.950     0.050         3
   219.818    26.108     0.050         3
   220.829    26.251     0.175         3
   221.777    26.364     0.125         3
   222.691    26.564     0.150         3
   223.701    26.724     0.100         3
   224.552    26.862     0.050         3
   225.701    27.001     0.175         3
   227.561    27.256     0.100         3
   228.542    27.401     0.050         3
   229.558    27.609     0.050         3
   230.547    27.814     0.075         3
   231.526    27.964     0.125         3
   232.528    28.161     0.050         3
   233.556    28.335     0.050         3
   234.322    28.466     0.125         3
   235.184    28.574     0.050         3
   236.219    28.741     0.050         3
   237.538    28.944     0.075         3
   239.726    29.221     0.075         3
   240.784    29.398     0.050         3
   244.330    29.993     0.100         3
   245.299    30.177     0.075         3
   246.272    30.337     0.050         3
   253.330    31.544     0.175         3
   254.417    31.726     0.125         3
   140.547    -1.000     0.000         0
    71.713    11.641     0.075         1
    72.590    11.488     0.035         1
    72.879    11.428     0.035         1
    73.588    11.363     0.035         1
    74.549    11.196     0.050         1
    79.451    10.389     0.050         1
    79.987    10.282     0.075         1
    80.098    10.290     0.075         1
    80.727    10.157     0.100         1
    82.032     9.908     0.050         1
    83.043     9.769     0.035         1
    84.155     9.579     0.050         1
    85.402     9.363     0.035         1
    85.951     9.269     0.175         1
    86.463     9.157     0.050         1
    87.512     8.944     0.035         1
    88.136     8.869     0.050         1
    88.557     8.791     0.150         1
    89.022     8.721     0.050         1
    89.821     8.602     0.125         1
    93.240     8.120     0.050         1
    94.979     7.826     0.075         1
    96.692     7.501     0.175         1
    96.772     7.478     0.075         1
    97.225     7.416     0.050         1
    97.365     7.318     0.050         1
    97.734     7.267     0.125         1
    98.608     7.152     0.050         1
   100.943     6.685     0.125         1
   106.290     5.837     0.035         1
   107.592     5.588     0.035         1
   108.463     5.462     0.025         1
   109.193     5.336     0.025         1
   110.128     5.222     0.025         1
   110.951     5.079     0.025         1
   111.715     4.973     0.025         1
   112.450     4.850     0.035         1
   113.160     4.724     0.035         1
   113.796     4.635     0.035         1
   115.989     4.268     0.035         1
   117.016     4.093     0.075         1
   117.870     3.925     0.035         1
   118.764     3.761     0.035         1
   119.590     3.640     0.035         1
   120.579     3.471     0.025         1
   121.653     3.329     0.025         1
   122.687     3.157     0.035         1
   123.797     2.978     0.035         1
   125.654     2.619     0.035         1
   126.487     2.484     0.035         1
   127.281     2.338     0.025         1
   128.710     2.105     0.025         1
   130.199     1.968     0.025         1
   131.057     1.723     0.050         1
   131.672     1.617     0.035         1
   131.703     1.630     0.025         1
   132.248     1.510     0.025         1
   132.580     1.455     0.025         1
   132.775     1.516     0.025         1
   133.982     1.292     0.025         1
   135.215     1.024     0.025         1
   136.301     0.855     0.025         1
   137.087     0.685     0.025         1
    21.060    22.112     0.050         3
    26.182    21.459     0.050         3
    26.747    21.401     0.100         3
    27.854    21.263     0.050         3
    29.920    20.995     0.175         3
    32.569    20.651     0.075         3
    35.660    20.245     0.050         3
    37.085    20.075     0.035         3
    41.907    19.448     0.050         3
    46.134    18.906     0.050         3
    49.480    18.472     0.050         3
    52.944    18.105     0.050         3
    57.240    17.592     0.175         3
    61.504    17.095     0.175         3
    64.905    16.691     0.175         3
   140.547     1.000     0.000         0
   144.107     0.685     0.025         1
   144.686     0.794     0.025         1
   144.736     0.825     0.025         1
   145.343     0.913     0.025         1
   146.145     1.105     0.025         1
   146.927     1.279     0.025         1
   147.736     1.407     0.025         1
   148.705     1.531     0.025         1
   149.548     1.690     0.025         1
   150.477     1.845     0.025         1
   151.470     2.056     0.035         1
   152.609     2.266     0.035         1
   153.741     2.427     0.035         1
   154.712     2.559     0.175         1
   155.151     2.612     0.050         1
   155.814     2.718     0.035         1
   156.728     2.883     0.100         1
   157.498     3.025     0.075         1
   161.840     3.749     0.035         1
   162.761     3.888     0.035         1
   163.704     4.034     0.035         1
   164.663     4.196     0.050         1
   166.135     4.443     0.050         1
   167.538     4.656     0.050         1
   167.758     4.757     0.035         1
   168.743     4.878     0.050         1
   168.817     4.847     0.050         1
   170.878     5.292     0.035         1
   171.819     5.443     0.050         1
   178.934     6.711     0.050         1
   180.963     7.070     0.050         1
   181.945     7.251     0.050         1
   183.105     7.454     0.050         1
   184.066     7.631     0.175         1
   185.542     7.917     0.035         1
   186.187     8.029     0.025         1
   187.427     8.254     0.035         1
   189.510     8.640     0.035         1
   190.603     8.816     0.050         1
   191.610     8.997     0.035         1
   192.486     9.138     0.035         1
   193.547     9.302     0.025         1
   194.431     9.470     0.035         1
   195.350     9.615     0.035         1
   196.381     9.787     0.050         1
   197.313     9.956     0.050         1
   198.378    10.111     0.050         1
   201.301    10.612     0.175         1
   202.260    10.749     0.150         1
   203.251    10.894     0.050         1
   205.005    11.192     0.100         1
   206.061    11.381     0.150         1
   206.854    11.509     0.050         1
   187.636    -1.000     0.000         0
    28.538    26.691     0.100         1
    36.515    25.426     0.150         1
    41.393    24.657     0.125         1
    45.989    23.913     0.175         1
    49.705    23.322     0.175         1
    52.906    22.800     0.175         1
    56.262    22.264     0.100         1
    72.685    19.564     0.175         1
    73.044    19.531     0.125         1
    73.480    19.457     0.175         1
    73.660    19.442     0.050         1
    74.264    19.370     0.100         1
    75.133    19.198     0.050         1
    76.780    18.905     0.050         1
    77.986    18.732     0.175         1
    79.883    18.353     0.125         1
    80.325    18.287     0.035         1
    80.366    18.287     0.150         1
    80.941    18.165     0.050         1
    82.184    17.938     0.050         1
    83.125    17.766     0.050         1
    84.187    17.585     0.035         1
    85.391    17.389     0.050         1
    85.874    17.328     0.175         1
    86.323    17.232     0.050         1
    87.317    17.035     0.050         1
    87.888    16.945     0.050         1
    88.265    16.890     0.175         1
    88.693    16.798     0.035         1
    89.462    16.680     0.050         1
    90.760    16.489     0.125         1
    92.850    16.159     0.125         1
    96.293    15.637     0.175         1
    96.392    15.570     0.125         1
    96.875    15.513     0.050         1
    97.049    15.489     0.050         1
    97.455    15.391     0.150         1
    98.000    15.257     0.050         1
    98.505    15.175     0.050         1
   107.674    13.685     0.050         1
   108.627    13.514     0.050         1
   109.479    13.351     0.050         1
   110.671    13.112     0.035         1
   111.684    12.965     0.035         1
   112.686    12.819     0.035         1
   113.660    12.662     0.050         1
   114.646    12.519     0.035         1
   115.498    12.414     0.050         1
   116.536    12.258     0.050         1
   117.554    12.082     0.075         1
   118.404    11.943     0.050         1
   119.397    11.738     0.100         1
   120.347    11.571     0.050         1
   121.399    11.423     0.035         1
   122.469    11.258     0.035         1
   123.455    11.052     0.035         1
   124.550    10.858     0.035         1
   125.561    10.719     0.150         1
   126.438    10.610     0.035         1
   127.462    10.436     0.150         1
   128.522    10.251     0.035         1
   129.425    10.122     0.035         1
   130.397     9.997     0.035         1
   131.463     9.823     0.035         1
   132.204     9.671     0.035         1
   132.505     9.637     0.035         1
   132.961     9.566     0.025         1
   133.434     9.494     0.050         1
   134.939     9.267     0.035         1
   136.099     9.079     0.050         1
   137.305     8.839     0.025         1
   138.410     8.690     0.035         1
   139.526     8.486     0.035         1
   140.517     8.311     0.025         1
   141.536     8.182     0.050         1
   142.636     7.968     0.025         1
   143.615     7.817     0.025         1
   144.600     7.685     0.035         1
   145.584     7.578     0.035         1
   146.465     7.390     0.035         1
   147.552     7.161     0.025         1
   148.488     6.985     0.025         1
   149.519     6.819     0.025         1
   160.822     4.826     0.025         1
   161.772     4.700     0.025         1
   162.764     4.548     0.025         1
   163.736     4.410     0.025         1
   164.689     4.243     0.035         1
   165.553     4.127     0.035         1
   166.588     3.977     0.025         1
   166.868     3.884     0.025         1
   167.573     3.811     0.025         1
   167.892     3.700     0.025         1
   168.913     3.525     0.035         1
   169.949     3.314     0.025         1
   170.778     3.181     0.035         1
   171.510     3.028     0.025         1
   176.997     2.027     0.025         1
   178.690     1.697     0.025         1
   179.240     1.608     0.025         1
   180.395     1.401     0.025         1
   181.607     1.183     0.025         1
   184.454     0.672     0.025         1
   185.264     0.504     0.025         1
   186.939     0.211     0.025         1
   110.671    14.481     0.150         2
   111.684    14.352     0.175         2
   112.686    14.225     0.175         2
   113.660    14.086     0.175         2
   114.646    13.945     0.150         2
   115.498    13.837     0.175         2
   116.536    13.693     0.075         2
   117.554    13.570     0.175         2
   118.404    13.458     0.125         2
   119.397    13.317     0.100         2
   120.347    13.196     0.125         2
   121.399    13.059     0.125         2
   122.469    12.926     0.125         2
   123.455    12.804     0.175         2
   124.550    12.667     0.175         2
   125.561    12.530     0.175         2
   126.438    12.430     0.125         2
   127.462    12.306     0.175         2
   128.522    12.185     0.175         2
   129.425    12.084     0.175         2
     5.127    31.212     0.035         3
    21.311    28.744     0.050         3
    27.257    27.941     0.150         3
    28.538    27.747     0.100         3
    30.737    27.419     0.075         3
    33.347    27.035     0.050         3
    36.515    26.568     0.050         3
    39.804    26.064     0.035         3
    41.393    25.862     0.150         3
    45.989    25.196     0.050         3
    49.705    24.694     0.050         3
    52.906    24.214     0.075         3
    56.262    23.737     0.050         3
    60.120    23.260     0.100         3
    63.676    22.668     0.125         3
    66.864    22.306     0.125         3
    72.685    21.601     0.175         3
    73.044    21.582     0.150         3
    73.480    21.533     0.125         3
    74.264    21.474     0.150         3
    75.133    21.366     0.050         3
    76.780    21.160     0.150         3
    77.986    21.009     0.075         3
    79.883    20.701     0.175         3
    80.325    20.659     0.150         3
    80.366    20.654     0.175         3
    80.941    20.569     0.175         3
    82.184    20.420     0.125         3
    83.125    20.277     0.175         3
    84.187    20.124     0.150         3
    85.391    19.909     0.050         3
    85.874    19.894     0.175         3
    86.323    19.831     0.175         3
    87.317    19.733     0.175         3
    87.888    19.648     0.175         3
    88.265    19.614     0.175         3
    88.693    19.548     0.175         3
    89.462    19.433     0.175         3
    90.760    19.259     0.175         3
    92.850    18.957     0.075         3
    94.577    18.730     0.075         3
    95.384    18.608     0.175         3
    96.293    18.481     0.175         3
    96.392    18.468     0.100         3
    96.875    18.402     0.050         3
    97.049    18.380     0.050         3
    97.455    18.349     0.125         3
    98.000    18.281     0.125         3
    98.505    18.217     0.050         3
   100.923    17.954     0.125         3
   106.367    17.289     0.100         3
   107.674    17.131     0.035         3
   108.627    17.038     0.050         3
   109.479    16.954     0.150         3
   110.671    16.826     0.100         3
   111.684    16.706     0.175         3
   112.686    16.588     0.050         3
   113.660    16.471     0.125         3
   114.646    16.384     0.175         3
   115.498    16.280     0.150         3
   116.536    16.173     0.150         3
   117.554    16.049     0.175         3
   118.404    15.963     0.150         3
   119.397    15.849     0.125         3
   120.347    15.749     0.125         3
   121.399    15.654     0.175         3
   122.469    15.537     0.075         3
   187.636     1.000     0.000         0
   188.111     0.096     0.025         1
   189.209     0.395     0.025         1
   190.297     0.626     0.025         1
   191.233     0.768     0.025         1
   192.082     0.932     0.025         1
   193.165     1.120     0.025         1
   194.101     1.276     0.025         1
   195.138     1.463     0.025         1
   196.230     1.656     0.025         1
   197.212     1.849     0.025         1
   198.253     1.979     0.025         1
   199.103     2.226     0.025         1
   200.129     2.367     0.025         1
   201.250     2.555     0.025         1
   202.312     2.695     0.025         1
   203.428     2.879     0.025         1
   204.120     3.010     0.025         1
   205.215     3.205     0.025         1
   206.352     3.404     0.025         1
   207.122     3.527     0.025         1
   208.117     3.676     0.025         1
   209.509     3.942     0.025         1
   210.459     4.032     0.035         1
   211.460     4.258     0.025         1
   212.390     4.406     0.025         1
   213.305     4.643     0.025         1
   215.811     5.099     0.150         1
   216.713     5.160     0.035         1
   217.556     5.305     0.075         1
   218.629     5.474     0.035         1
   220.656     5.888     0.035         1
   221.605     6.043     0.035         1
   222.519     6.197     0.035         1
   223.528     6.429     0.035         1
   224.382     6.587     0.035         1
   227.390     7.101     0.035         1
   228.369     7.240     0.035         1
   229.438     7.447     0.050         1
   231.391     7.781     0.035         1
   232.390     7.966     0.035         1
   233.402     8.175     0.050         1
   234.149     8.327     0.035         1
   235.012     8.437     0.035         1
   236.049     8.644     0.050         1
   237.371     8.951     0.050         1
   239.074     9.270     0.035         1
   239.596     9.376     0.035         1
   240.680     9.548     0.100         1
   241.852     9.791     0.035         1
   242.824     9.907     0.050         1
   243.852    10.066     0.175         1
   244.271    10.141     0.100         1
   245.189    10.300     0.050         1
   246.140    10.455     0.050         1
   264.975    13.596     0.100         1
   266.904    13.886     0.050         1
   272.561    14.844     0.100         1
   273.628    15.059     0.175         1
   282.618    16.586     0.175         1
   284.695    16.912     0.125         1
   227.390     9.661     0.175         4
   228.369     9.782     0.150         4
   229.438     9.956     0.175         4
   231.391    10.243     0.100         4
   232.390    10.417     0.075         4
   233.402    10.568     0.175         4
   234.149    10.680     0.125         4
   235.012    10.808     0.125         4
   236.049    10.960     0.175         4
   237.371    11.170     0.125         4
   239.074    11.416     0.150         4
   239.596    11.507     0.125         4
   240.680    11.684     0.175         4
   241.852    11.858     0.100         4
   242.824    12.005     0.100         4
   244.271    12.233     0.175         4
   245.189    12.373     0.125         4
   207.915    -1.000     0.000         0
    30.524    29.560     0.075         1
    39.646    28.061     0.100         1
    41.244    27.856     0.100         1
    56.053    25.436     0.050         1
    73.547    22.631     0.150         1
    74.168    22.524     0.050         1
    75.053    22.355     0.035         1
    76.709    22.114     0.050         1
    77.933    21.922     0.050         1
    79.836    21.618     0.035         1
    80.299    21.569     0.035         1
    80.357    21.528     0.050         1
    80.948    21.454     0.035         1
    82.209    21.239     0.050         1
    83.173    21.095     0.050         1
    84.253    20.893     0.050         1
    85.474    20.675     0.050         1
    86.464    20.456     0.050         1
    87.489    20.258     0.050         1
    88.094    20.175     0.050         1
    88.970    20.061     0.050         1
    89.777    19.929     0.050         1
    91.108    19.697     0.175         1
    95.841    18.824     0.175         1
    96.951    18.580     0.050         1
    97.487    18.479     0.050         1
    97.709    18.464     0.050         1
    98.158    18.368     0.125         1
    98.774    18.306     0.050         1
    99.359    18.230     0.050         1
   106.445    17.086     0.100         1
   107.752    16.869     0.050         1
   108.684    16.725     0.050         1
   109.508    16.595     0.035         1
   110.654    16.409     0.035         1
   111.639    16.261     0.035         1
   112.613    16.097     0.035         1
   113.563    15.968     0.035         1
   114.528    15.796     0.035         1
   115.365    15.720     0.035         1
   116.535    15.504     0.050         1
   117.559    15.294     0.175         1
   118.413    15.180     0.035         1
   119.394    15.012     0.035         1
   120.331    14.851     0.035         1
   121.379    14.697     0.025         1
   122.455    14.551     0.035         1
   123.453    14.383     0.025         1
   124.556    14.196     0.035         1
   126.452    13.863     0.035         1
   128.502    13.510     0.035         1
   129.471    13.373     0.035         1
   130.529    13.213     0.035         1
   131.701    13.011     0.050         1
   132.637    12.859     0.035         1
   133.179    12.781     0.050         1
   133.837    12.664     0.035         1
   134.490    12.551     0.050         1
   135.885    12.365     0.050         1
   136.976    12.170     0.125         1
   138.107    11.945     0.035         1
   141.208    11.448     0.025         1
   142.271    11.323     0.150         1
   143.298    11.110     0.025         1
   144.275    10.985     0.025         1
   145.267    10.847     0.035         1
   146.242    10.713     0.035         1
   148.214    10.285     0.035         1
   149.143    10.136     0.035         1
   150.160     9.958     0.035         1
   155.646     9.109     0.125         1
   160.716     8.232     0.025         1
   161.661     8.093     0.035         1
   162.651     7.948     0.035         1
   163.615     7.810     0.035         1
   164.490     7.670     0.050         1
   165.332     7.547     0.035         1
   166.373     7.377     0.035         1
   167.363     7.226     0.035         1
   167.670     7.095     0.035         1
   168.670     6.935     0.035         1
   169.712     6.785     0.050         1
   170.804     6.572     0.035         1
   171.733     6.418     0.050         1
   172.706     6.226     0.035         1
   178.796     5.170     0.035         1
   180.830     4.792     0.025         1
   181.783     4.625     0.035         1
   182.990     4.417     0.025         1
   184.000     4.244     0.035         1
   185.368     3.988     0.025         1
   185.935     3.887     0.025         1
   186.911     3.748     0.025         1
   187.869     3.607     0.035         1
   188.641     3.379     0.025         1
   189.610     3.221     0.025         1
   190.651     3.040     0.025         1
   191.639     2.839     0.025         1
   192.812     2.667     0.025         1
   193.809     2.521     0.025         1
   194.908     2.315     0.025         1
   196.006     2.146     0.025         1
   196.990     2.006     0.025         1
   198.023     1.800     0.025         1
   198.749     1.776     0.025         1
   199.779     1.473     0.025         1
   201.017     1.292     0.025         1
   202.091     1.070     0.025         1
   203.175     0.884     0.025         1
   203.848     0.738     0.025         1
   204.951     0.566     0.025         1
   205.974     0.434     0.025         1
   206.747     0.293     0.025         1
   207.696     0.102     0.025         1
    21.276    31.776     0.035         3
    27.163    30.950     0.035         3
    28.317    30.785     0.050         3
    30.524    30.446     0.125         3
    33.153    30.039     0.100         3
    36.348    29.525     0.175         3
    39.646    29.073     0.175         3
    41.244    28.804     0.100         3
    45.822    28.140     0.100         3
    49.509    27.608     0.050         3
    52.702    27.146     0.075         3
    56.053    26.669     0.100         3
    59.901    26.122     0.125         3
    66.654    25.165     0.100         3
    72.547    24.328     0.050         3
    72.892    24.285     0.050         3
    73.353    24.272     0.035         3
    73.547    24.251     0.050         3
    74.168    24.166     0.050         3
    75.053    24.035     0.125         3
    76.709    23.842     0.150         3
    77.933    23.675     0.175         3
    79.836    23.430     0.050         3
    80.299    23.358     0.125         3
    80.357    23.358     0.075         3
    80.948    23.277     0.100         3
    82.209    23.013     0.050         3
    83.173    22.858     0.100         3
    84.253    22.723     0.175         3
    85.474    22.541     0.150         3
    85.984    22.477     0.175         3
    86.464    22.410     0.175         3
    87.489    22.226     0.075         3
    88.094    22.137     0.150         3
    88.507    22.113     0.075         3
    88.970    22.027     0.050         3
    89.777    21.926     0.100         3
    91.108    21.722     0.100         3
    93.224    21.410     0.125         3
    94.992    21.160     0.125         3
    95.841    21.040     0.175         3
    96.951    20.898     0.175         3
    97.487    20.815     0.050         3
    97.709    20.777     0.075         3
    98.158    20.748     0.175         3
    98.774    20.667     0.175         3
    99.359    20.593     0.050         3
   106.445    19.729     0.050         3
   107.752    19.572     0.035         3
   108.684    19.456     0.050         3
   109.508    19.368     0.035         3
   110.654    19.260     0.035         3
   111.639    19.143     0.035         3
   112.613    19.036     0.050         3
   113.563    18.954     0.100         3
   114.528    18.842     0.050         3
   115.365    18.738     0.050         3
   116.535    18.591     0.050         3
   118.413    18.377     0.075         3
   119.394    18.280     0.125         3
   120.331    18.193     0.175         3
   121.379    18.079     0.100         3
   122.455    17.945     0.100         3
   123.453    17.863     0.125         3
   124.556    17.747     0.150         3
   126.452    17.514     0.175         3
   127.460    17.431     0.175         3
   207.915     1.000     0.000         0
   209.293     0.369     0.025         1
   210.238     0.483     0.025         1
   211.238     0.698     0.025         1
   212.169     0.874     0.025         1
   213.085     1.116     0.025         1
   215.601     1.482     0.025         1
   216.525     1.603     0.025         1
   217.439     1.761     0.025         1
   218.563     1.937     0.025         1
   220.633     2.347     0.025         1
   221.587     2.499     0.025         1
   222.476     2.655     0.035         1
   223.492     2.852     0.025         1
   224.407     3.051     0.025         1
   225.566     3.236     0.035         1
   227.368     3.554     0.025         1
   228.302     3.654     0.025         1
   229.235     3.883     0.035         1
   230.226     4.093     0.035         1
   231.201     4.212     0.025         1
   232.204     4.395     0.035         1
   233.237     4.576     0.050         1
   234.086     4.768     0.025         1
   234.926     4.878     0.035         1
   235.932     5.128     0.035         1
   237.238     5.401     0.035         1
   238.908     5.620     0.050         1
   239.402     5.818     0.035         1
   240.471     6.024     0.050         1
   241.633     6.183     0.050         1
   242.603     6.440     0.050         1
   244.052     6.502     0.050         1
   245.949     6.918     0.035         1
   247.260     7.168     0.050         1
   248.324     7.330     0.050         1
   255.343     8.704     0.125         1
   256.253     8.873     0.175         1
   259.115     9.328     0.050         1
   260.182     9.508     0.035         1
   261.344     9.700     0.035         1
   262.420     9.869     0.035         1
   265.850    10.395     0.035         1
   266.683    10.504     0.050         1
   267.713    10.760     0.050         1
   268.587    10.921     0.150         1
   269.459    11.012     0.050         1
   271.746    11.326     0.175         1
   272.395    11.468     0.050         1
   273.478    11.617     0.075         1
   282.493    13.300     0.035         1
   283.461    13.341     0.035         1
   284.514    13.461     0.050         1
   286.739    13.826     0.075         1
   288.634    14.231     0.035         1
   289.708    14.357     0.050         1
   290.236    14.394     0.035         1
   258.473    -1.000     0.000         0
   118.439    23.976     0.175         1
   119.423    23.835     0.175         1
   120.363    23.680     0.150         1
   121.413    23.505     0.075         1
   122.487    23.334     0.050         1
   123.482    23.187     0.125         1
   124.584    23.005     0.075         1
   126.478    22.735     0.050         1
   127.490    22.553     0.175         1
   128.537    22.389     0.175         1
   129.492    22.247     0.035         1
   130.548    22.081     0.150         1
   131.731    21.904     0.175         1
   132.717    21.765     0.125         1
   133.349    21.661     0.175         1
   134.099    21.549     0.125         1
   139.317    20.690     0.150         1
   140.357    20.531     0.075         1
   141.362    20.365     0.125         1
   144.408    19.914     0.100         1
   147.257    19.440     0.175         1
   149.259    19.103     0.075         1
   151.804    18.687     0.075         1
   152.523    18.572     0.175         1
   154.690    18.210     0.175         1
   154.921    18.182     0.175         1
   160.800    17.180     0.035         1
   161.749    17.033     0.035         1
   162.741    16.909     0.035         1
   163.711    16.756     0.050         1
   164.675    16.584     0.175         1
   165.619    16.433     0.100         1
   166.722    16.263     0.050         1
   167.746    16.108     0.150         1
   168.736    15.963     0.175         1
   169.777    15.785     0.175         1
   170.872    15.605     0.175         1
   171.810    15.451     0.175         1
   172.816    15.303     0.125         1
   178.912    14.135     0.150         1
   180.945    13.768     0.175         1
   181.919    13.582     0.175         1
   183.094    13.371     0.125         1
   184.061    13.166     0.175         1
   185.398    12.933     0.175         1
   185.987    12.831     0.075         1
   188.071    12.480     0.150         1
   188.946    12.342     0.175         1
   189.986    12.160     0.175         1
   191.029    11.991     0.175         1
   191.980    11.816     0.150         1
   194.068    11.484     0.175         1
   195.086    11.311     0.050         1
   196.159    11.141     0.150         1
   198.182    10.814     0.175         1
   200.094    10.483     0.050         1
   203.199     9.949     0.175         1
   203.866     9.841     0.075         1
   206.043     9.473     0.075         1
   206.835     9.343     0.050         1
   207.880     9.173     0.100         1
   209.271     8.960     0.125         1
   210.226     8.824     0.035         1
   211.213     8.670     0.050         1
   212.122     8.533     0.075         1
   216.531     7.843     0.050         1
   217.454     7.738     0.075         1
   218.560     7.488     0.125         1
   219.594     7.329     0.150         1
   220.608     7.152     0.150         1
   221.560     7.004     0.100         1
   222.468     6.836     0.075         1
   223.481     6.678     0.100         1
   224.349     6.511     0.075         1
   227.352     6.007     0.175         1
   228.313     5.911     0.050         1
   229.092     5.816     0.050         1
   230.056     5.536     0.175         1
   231.089     5.413     0.035         1
   233.181     5.050     0.050         1
   234.944     4.723     0.050         1
   235.937     4.557     0.050         1
   237.221     4.374     0.100         1
   238.786     4.087     0.150         1
   239.109     4.052     0.075         1
   239.961     3.928     0.050         1
   240.741     3.765     0.050         1
   241.835     3.552     0.050         1
   242.958     3.376     0.050         1
   245.413     2.949     0.035         1
   247.221     2.715     0.050         1
   248.185     2.550     0.050         1
   249.039     2.410     0.125         1
   249.661     2.305     0.100         1
   250.627     2.154     0.035         1
   251.851     1.910     0.035         1
   253.013     1.721     0.035         1
   254.221     1.454     0.025         1
   255.292     1.226     0.035         1
   255.839     1.127     0.025         1
   256.551     0.796     0.050         1
   167.746    17.154     0.050         4
   168.736    17.001     0.050         4
   169.777    16.827     0.050         4
   170.872    16.660     0.175         4
   171.810    16.518     0.150         4
   172.816    16.352     0.175         4
   178.912    15.421     0.175         4
   180.945    15.100     0.175         4
   181.919    14.953     0.175         4
   183.094    14.770     0.175         4
   184.061    14.619     0.175         4
   185.398    14.402     0.175         4
   185.987    14.302     0.175         4
   187.055    14.149     0.075         4
   188.071    13.980     0.050         4
   188.946    13.844     0.035         4
   189.986    13.674     0.075         4
   191.029    13.503     0.100         4
   191.980    13.320     0.050         4
   193.115    13.123     0.075         4
   194.068    12.971     0.050         4
   195.086    12.794     0.050         4
   196.159    12.606     0.050         4
   197.122    12.469     0.125         4
   198.182    12.315     0.035         4
   199.071    12.173     0.150         4
   200.094    12.005     0.100         4
   201.159    11.832     0.150         4
   258.473     1.000     0.000         0
   260.349     0.801     0.035         1
   261.208     1.042     0.035         1
   264.657     1.759     0.025         1
   269.040     2.453     0.050         1
   270.346     2.681     0.025         1
   270.709     2.736     0.025         1
   271.088     2.792     0.025         1
   271.685     2.846     0.025         1
   272.597     2.972     0.175         1
   272.964     2.979     0.035         1
   273.441     3.054     0.050         1
   273.861     3.069     0.035         1
   282.661     4.800     0.100         1
   283.661     4.954     0.035         1
   285.032     5.169     0.035         1
   286.297     5.368     0.175         1
   287.237     5.540     0.050         1
   287.749     5.603     0.050         1
   288.165     5.682     0.125         1
   289.149     5.852     0.050         1
   290.240     6.060     0.050         1
   290.763     6.146     0.050         1
   291.239     6.237     0.175         1
   292.558     6.440     0.050         1
   293.613     6.602     0.175         1
   294.530     6.762     0.150         1
   297.846     7.231     0.125         1
   297.880     7.233     0.150         1
   300.382     7.589     0.150         1
   301.614     7.773     0.075         1
   299.518    -1.000     0.000         0
   228.217    12.395     0.050         1
   228.891    12.291     0.175         1
   229.850    12.130     0.175         1
   230.888    11.952     0.050         1
   231.893    11.791     0.125         1
   232.988    11.620     0.125         1
   233.989    11.450     0.175         1
   234.808    11.335     0.050         1
   237.033    10.961     0.100         1
   239.803    10.502     0.175         1
   240.690    10.363     0.175         1
   241.511    10.222     0.175         1
   243.017     9.964     0.050         1
   244.220     9.755     0.150         1
   245.317     9.566     0.050         1
   247.170     9.302     0.100         1
   248.246     9.103     0.150         1
   249.253     8.932     0.050         1
   252.295     8.473     0.050         1
   258.672     7.404     0.100         1
   259.653     7.173     0.050         1
   260.309     7.049     0.050         1
   261.129     6.905     0.035         1
   262.504     6.611     0.035         1
   263.419     6.443     0.035         1
   264.653     6.187     0.050         1
   265.707     5.987     0.035         1
   266.606     5.790     0.035         1
   267.512     5.627     0.035         1
   268.903     5.388     0.150         1
   270.931     5.049     0.035         1
   272.208     4.841     0.050         1
   280.907     3.555     0.035         1
   281.038     3.525     0.035         1
   281.591     3.472     0.025         1
   281.879     3.405     0.050         1
   282.678     3.218     0.025         1
   282.897     3.155     0.025         1
   283.266     3.143     0.025         1
   283.788     2.999     0.025         1
   284.302     2.964     0.025         1
   284.610     2.895     0.025         1
   284.781     2.910     0.035         1
   289.347     2.082     0.025         1
   290.570     1.895     0.035         1
   292.483     1.620     0.035         1
   293.964     1.273     0.035         1
   296.965     0.910     0.025         1
   297.633     0.537     0.025         1
   178.756    22.764     0.150         4
   180.790    22.494     0.175         4
   181.758    22.375     0.050         4
   182.944    22.183     0.175         4
   183.930    22.073     0.175         4
   185.356    21.894     0.125         4
   185.967    21.810     0.050         4
   187.096    21.699     0.150         4
   188.138    21.607     0.150         4
   189.052    21.498     0.175         4
   190.112    21.407     0.175         4
   191.149    21.277     0.175         4
   192.080    21.208     0.175         4
   193.195    21.054     0.075         4
   194.126    20.946     0.175         4
   195.108    20.853     0.150         4
   196.166    20.721     0.175         4
   197.117    20.632     0.175         4
   198.180    20.581     0.175         4
   199.110    20.465     0.050         4
   299.518     1.000     0.000         0
   303.047     0.867     0.025         1
   304.819     1.242     0.025         1
   307.999     1.825     0.025         1
   314.914     3.379     0.025         1
   315.100     3.431     0.035         1
   315.313     3.475     0.035         1
   315.416     3.472     0.035         1
   315.844     3.425     0.035         1
   316.495     3.414     0.050         1
   316.523     3.410     0.035         1
   316.888     3.460     0.035         1
   317.070     3.455     0.035         1
   317.509     3.615     0.050         1
   318.403     3.749     0.150         1
   319.203     3.845     0.035         1
   320.127     4.020     0.050         1
   320.901     4.207     0.100         1
   321.939     4.357     0.175         1
   323.122     4.532     0.050         1
   324.144     4.681     0.050         1
   325.067     4.875     0.050         1
   326.089     5.052     0.050         1
   327.104     5.212     0.175         1
   328.084     5.356     0.175         1
   331.103     5.865     0.075         1
   333.965     6.307     0.050         1
   336.822     6.728     0.050         1
   339.349     7.113     0.175         1
   340.233     7.268     0.050         1
   346.606     8.286     0.100         1
   349.428     8.787     0.175         1
   340.115    -1.000     0.000         0
   169.794    28.534     0.125         1
   170.889    28.364     0.175         1
   171.829    28.209     0.100         1
   172.841    28.049     0.150         1
   178.937    27.089     0.175         1
   180.968    26.755     0.050         1
   181.945    26.588     0.075         1
   183.114    26.396     0.150         1
   184.074    26.218     0.125         1
   185.420    26.001     0.150         1
   186.016    25.892     0.050         1
   187.112    25.726     0.175         1
   188.143    25.561     0.150         1
   189.041    25.428     0.050         1
   190.095    25.262     0.150         1
   191.134    25.073     0.035         1
   192.073    24.919     0.050         1
   193.196    24.743     0.100         1
   194.137    24.575     0.075         1
   195.137    24.394     0.125         1
   196.202    24.239     0.125         1
   197.161    24.083     0.150         1
   198.222    23.881     0.175         1
   199.132    23.743     0.125         1
   200.150    23.588     0.050         1
   201.191    23.416     0.125         1
   202.188    23.241     0.125         1
   203.214    23.066     0.100         1
   206.054    22.606     0.150         1
   206.846    22.473     0.075         1
   207.891    22.312     0.175         1
   216.541    20.843     0.150         1
   218.580    20.511     0.175         1
   220.635    20.175     0.050         1
   221.589    20.016     0.075         1
   222.491    19.853     0.050         1
   223.506    19.775     0.050         1
   224.390    19.604     0.100         1
   225.546    19.468     0.050         1
   227.381    19.167     0.125         1
   228.331    19.026     0.075         1
   229.137    18.886     0.050         1
   231.130    18.534     0.050         1
   232.137    18.361     0.100         1
   233.209    18.168     0.050         1
   234.116    17.976     0.075         1
   234.956    17.855     0.175         1
   235.949    17.651     0.150         1
   237.241    17.451     0.125         1
   238.850    17.210     0.050         1
   239.252    17.086     0.150         1
   240.215    16.931     0.150         1
   241.203    16.725     0.175         1
   242.081    16.565     0.050         1
   242.832    16.471     0.150         1
   243.583    16.361     0.075         1
   244.698    16.210     0.050         1
   251.221    15.312     0.175         1
   252.329    15.135     0.150         1
   253.219    15.000     0.050         1
   255.359    14.610     0.035         1
   256.234    14.417     0.035         1
   259.074    13.892     0.035         1
   260.112    13.662     0.035         1
   261.051    13.500     0.035         1
   262.012    13.347     0.075         1
   264.392    12.919     0.035         1
   265.303    12.653     0.035         1
   267.484    12.167     0.075         1
   268.400    12.015     0.050         1
   269.408    11.814     0.150         1
   270.770    11.560     0.150         1
   272.060    11.363     0.100         1
   273.236    11.178     0.035         1
   282.305     9.739     0.035         1
   283.218     9.601     0.175         1
   283.822     9.603     0.050         1
   285.986     9.222     0.035         1
   286.424     9.131     0.035         1
   286.869     9.126     0.035         1
   287.774     8.919     0.035         1
   288.770     8.802     0.035         1
   289.281     8.709     0.035         1
   289.704     8.671     0.035         1
   292.256     8.260     0.035         1
   293.413     8.084     0.035         1
   295.496     7.787     0.035         1
   297.538     7.511     0.025         1
   297.649     7.275     0.035         1
   297.813     7.562     0.035         1
   299.300     7.231     0.035         1
   299.726     7.217     0.025         1
   300.111     7.090     0.035         1
   301.030     6.826     0.035         1
   302.268     6.595     0.035         1
   304.003     6.382     0.025         1
   305.055     6.241     0.025         1
   306.153     6.018     0.150         1
   307.411     5.763     0.025         1
   309.359     5.481     0.035         1
   310.463     5.252     0.025         1
   312.197     5.118     0.035         1
   313.008     4.975     0.035         1
   313.862     4.759     0.035         1
   315.495     4.558     0.035         1
   316.739     4.449     0.035         1
   318.229     4.205     0.035         1
   318.789     4.067     0.035         1
   319.736     3.961     0.025         1
   320.320     3.846     0.035         1
   321.008     3.701     0.035         1
   322.056     3.455     0.035         1
   322.178     3.388     0.035         1
   324.167     3.136     0.025         1
   325.999     2.705     0.025         1
   329.191     1.925     0.025         1
   331.138     1.803     0.035         1
   183.114    26.881     0.175         2
   184.074    26.728     0.075         2
   185.420    26.518     0.075         2
   186.016    26.418     0.050         2
   187.112    26.254     0.050         2
   188.143    26.072     0.175         2
   189.041    25.942     0.075         2
   190.095    25.769     0.100         2
   191.134    25.606     0.050         2
   192.073    25.448     0.050         2
   193.196    25.267     0.100         2
   194.137    25.119     0.050         2
   195.137    24.953     0.125         2
   196.202    24.799     0.150         2
   197.161    24.633     0.150         2
   198.222    24.464     0.100         2
   160.860    31.923     0.050         3
   161.810    31.798     0.150         3
   162.802    31.698     0.050         3
   163.774    31.566     0.075         3
   164.782    31.446     0.175         3
   165.773    31.322     0.050         3
   166.902    31.190     0.050         3
   167.917    31.046     0.075         3
   168.753    30.919     0.150         3
   169.794    30.790     0.150         3
   170.889    30.659     0.150         3
   171.829    30.502     0.150         3
   172.841    30.356     0.100         3
   178.937    29.406     0.175         3
   180.968    29.107     0.175         3
   181.945    28.991     0.050         3
   183.114    28.820     0.125         3
   184.074    28.684     0.150         3
   185.420    28.480     0.075         3
   186.016    28.377     0.100         3
   187.112    28.221     0.175         3
   188.143    28.075     0.150         3
   189.041    27.939     0.050         3
   190.095    27.784     0.125         3
   191.134    27.634     0.050         3
   192.073    27.506     0.050         3
   193.196    27.361     0.150         3
   194.137    27.233     0.050         3
   195.137    27.096     0.075         3
   196.202    26.934     0.050         3
   197.161    26.811     0.050         3
   198.222    26.662     0.050         3
   199.132    26.531     0.100         3
   200.150    26.387     0.175         3
   201.191    26.214     0.050         3
   202.188    26.070     0.075         3
   203.214    25.932     0.125         3
   203.880    25.822     0.050         3
   204.982    25.673     0.050         3
   206.054    25.535     0.050         3
   206.846    25.434     0.125         3
   207.891    25.309     0.035         3
   209.282    25.149     0.125         3
   211.224    24.914     0.050         3
   212.133    24.827     0.100         3
   213.065    24.691     0.050         3
   216.541    24.283     0.175         3
   218.580    24.066     0.175         3
   220.635    23.873     0.050         3
   221.589    23.784     0.035         3
   222.491    23.652     0.075         3
   223.506    23.510     0.150         3
   224.390    23.395     0.050         3
   225.546    23.258     0.100         3
   227.381    23.023     0.050         3
   228.331    22.899     0.100         3
   229.137    22.802     0.125         3
   231.130    22.557     0.175         3
   232.137    22.422     0.175         3
   233.209    22.279     0.150         3
   234.116    22.160     0.050         3
   234.956    22.067     0.075         3
   235.949    21.922     0.175         3
   237.241    21.758     0.100         3
   238.850    21.555     0.175         3
   239.252    21.508     0.150         3
   240.215    21.382     0.175         3
   241.203    21.282     0.175         3
   242.081    21.178     0.175         3
   243.583    20.989     0.175         3
   244.698    20.841     0.175         3
   245.750    20.710     0.175         3
   107.785    40.015     0.175         6
   108.720    39.889     0.175         6
   109.552    39.763     0.100         6
   110.719    39.595     0.050         6
   111.724    39.420     0.050         6
   112.724    39.281     0.125         6
   113.702    39.134     0.150         6
   114.700    38.993     0.050         6
   115.563    38.863     0.050         6
   116.592    38.711     0.125         6
   117.614    38.540     0.175         6
   118.466    38.422     0.125         6
   119.453    38.269     0.175         6
   120.397    38.134     0.075         6
   121.448    37.982     0.150         6
   122.520    37.821     0.050         6
   123.512    37.675     0.050         6
   124.612    37.510     0.125         6
   126.505    37.251     0.050         6
   127.520    37.093     0.125         6
   128.572    36.915     0.050         6
   129.513    36.792     0.035         6
   131.743    36.455     0.175         6
   132.745    36.313     0.100         6
   160.860    30.849     0.050         4
   161.810    30.773     0.050         4
   162.802    30.674     0.100         4
   163.774    30.587     0.050         4
   164.782    30.478     0.050         4
   165.773    30.371     0.100         4
   166.902    30.282     0.050         4
   167.766    30.199     0.050         4
   168.753    30.109     0.050         4
   169.794    29.979     0.100         4
   170.889    29.885     0.100         4
   171.829    29.785     0.050         4
   172.841    29.692     0.175         4
    21.350    47.788     0.050         5
    27.311    47.070     0.150         5
    29.380    46.826     0.050         5
    31.888    46.545     0.050         5
    34.831    46.144     0.050         5
    38.315    45.692     0.050         5
    41.693    45.292     0.035         5
    43.370    45.113     0.050         5
    47.739    44.680     0.125         5
    51.076    44.257     0.035         5
    54.149    43.873     0.100         5
    57.401    43.444     0.050         5
    60.984    42.980     0.150         5
    67.266    42.182     0.035         5
    72.778    41.396     0.050         5
    73.163    41.322     0.100         5
    73.558    41.235     0.050         5
    73.722    41.202     0.035         5
    74.314    41.170     0.035         5
    75.175    41.049     0.075         5
    78.024    40.761     0.035         5
    79.922    40.579     0.035         5
    80.367    40.485     0.050         5
    80.414    40.480     0.035         5
    80.997    40.398     0.035         5
    82.251    40.191     0.035         5
    83.209    40.100     0.035         5
    84.286    39.954     0.035         5
    85.506    39.801     0.035         5
    86.016    39.694     0.035         5
    86.500    39.643     0.035         5
    87.531    39.493     0.035         5
    88.147    39.441     0.035         5
    88.573    39.388     0.125         5
    89.054    39.328     0.050         5
    89.881    39.216     0.175         5
    91.230    38.996     0.175         5
    93.362    38.696     0.175         5
    96.034    38.297     0.175         5
    97.020    38.220     0.175         5
    97.226    38.184     0.050         5
    97.809    38.091     0.050         5
    98.076    38.026     0.075         5
    98.565    38.023     0.075         5
    99.252    37.915     0.050         5
    99.921    37.768     0.035         5
   102.423    37.475     0.125         5
   106.478    37.027     0.075         5
   107.785    36.842     0.035         5
   108.720    36.775     0.035         5
   109.552    36.663     0.035         5
   110.719    36.593     0.035         5
   111.724    36.491     0.035         5
   112.724    36.381     0.035         5
   113.702    36.285     0.050         5
   114.700    36.130     0.035         5
   115.563    36.041     0.050         5
   116.592    35.931     0.050         5
   118.466    35.695     0.075         5
   119.453    35.591     0.050         5
   120.397    35.434     0.050         5
   121.448    35.314     0.035         5
   122.520    35.203     0.035         5
   123.512    35.024     0.050         5
   124.612    34.923     0.035         5
   126.505    34.682     0.050         5
   128.572    34.424     0.050         5
   129.513    34.357     0.035         5
   130.560    34.238     0.035         5
   131.743    34.031     0.035         5
   132.745    33.910     0.035         5
   133.417    33.777     0.035         5
   134.212    33.643     0.025         5
   136.297    33.370     0.025         5
   137.329    33.269     0.050         5
   138.402    33.127     0.035         5
   141.418    32.722     0.035         5
   142.500    32.615     0.075         5
   143.482    32.464     0.025         5
   144.454    32.371     0.025         5
   145.444    32.369     0.035         5
   148.375    31.994     0.035         5
   149.297    31.893     0.050         5
   150.302    31.765     0.150         5
   151.018    31.699     0.175         5
   151.896    31.586     0.175         5
   152.981    31.449     0.175         5
   153.923    31.343     0.150         5
   154.996    31.213     0.175         5
   155.829    31.135     0.050         5
   160.860    30.453     0.050         5
   161.810    30.349     0.050         5
   162.802    30.244     0.035         5
   163.774    30.165     0.050         5
   164.782    30.050     0.150         5
   165.773    29.960     0.050         5
   166.902    29.842     0.050         5
   167.766    29.758     0.050         5
   167.917    29.746     0.050         5
   168.753    29.656     0.150         5
   169.794    29.541     0.100         5
   170.889    29.408     0.050         5
   171.829    29.291     0.150         5
   172.841    29.202     0.175         5
   178.937    28.549     0.035         5
   180.968    28.336     0.050         5
   181.945    28.214     0.125         5
   183.114    28.092     0.150         5
   184.074    27.989     0.175         5
   185.420    27.836     0.150         5
   186.016    27.766     0.100         5
   187.112    27.653     0.125         5
   188.143    27.518     0.150         5
   189.041    27.424     0.100         5
   190.095    27.295     0.175         5
   191.134    27.173     0.100         5
   192.073    27.052     0.050         5
   193.196    26.929     0.100         5
   194.137    26.816     0.100         5
   195.137    26.691     0.050         5
   196.202    26.565     0.100         5
   197.161    26.448     0.050         5
   198.222    26.308     0.050         5
     0.000     0.000     0.000        -1
