     0.000     1.000     0.000         0
     5.000     0.874     0.050         1
    10.000     1.771     0.050         1
    15.000     2.684     0.050         1
    20.000     3.472     0.050         1
    25.000     4.440     0.050         1
    30.000     5.375     0.050         1
    35.000     6.214     0.050         1
    40.000     7.193     0.050         1
    45.000     7.998     0.050         1
    50.000     8.961     0.050         1
    55.000     9.686     0.050         1
    60.000    10.700     0.050         1
    65.000    11.520     0.050         1
    70.000    12.496     0.050         1
    75.000    13.465     0.050         1
    80.000    14.177     0.050         1
    85.000    15.118     0.050         1
    90.000    16.022     0.050         1
    95.000    16.876     0.050         1
   100.000    17.729     0.050         1
   105.000    18.503     0.050         1
   110.000    19.377     0.050         1
   115.000    20.374     0.050         1
   120.000    21.206     0.050         1
   125.000    22.146     0.050         1
   130.000    22.958     0.050         1
   135.000    23.870     0.050         1
   140.000    24.675     0.050         1
   145.000    25.623     0.050         1
   150.000    26.519     0.050         1
   155.000    27.324     0.050         1
    15.000     7.413     0.050         2
    20.000     7.705     0.050         2
    25.000     8.185     0.050         2
    30.000     8.571     0.050         2
    35.000     9.032     0.050         2
    40.000     9.653     0.050         2
    45.000    10.169     0.050         2
    50.000    10.867     0.050         2
    55.000    11.424     0.050         2
    60.000    12.182     0.050         2
    65.000    13.038     0.050         2
    70.000    13.742     0.050         2
    75.000    14.405     0.050         2
    80.000    15.214     0.050         2
    85.000    15.819     0.050         2
    90.000    16.603     0.050         2
    95.000    17.368     0.050         2
   100.000    18.142     0.050         2
   105.000    18.965     0.050         2
   110.000    19.702     0.050         2
   115.000    20.617     0.050         2
   120.000    21.454     0.050         2
   125.000    22.316     0.050         2
   130.000    23.143     0.050         2
   135.000    23.932     0.050         2
   140.000    24.822     0.050         2
   145.000    25.619     0.050         2
   150.000    26.563     0.050         2
   155.000    27.359     0.050         2
    20.000     9.554     0.050         3
    25.000     9.884     0.050         3
    30.000    10.223     0.050         3
    35.000    10.741     0.050         3
    40.000    11.246     0.050         3
    45.000    11.728     0.050         3
    50.000    12.263     0.050         3
    55.000    12.877     0.050         3
    60.000    13.518     0.050         3
    65.000    14.215     0.050         3
    70.000    14.865     0.050         3
    75.000    15.417     0.050         3
    80.000    16.063     0.050         3
    85.000    16.698     0.050         3
    90.000    17.385     0.050         3
    95.000    17.983     0.050         3
   100.000    18.627     0.050         3
   105.000    19.292     0.050         3
   110.000    20.070     0.050         3
   115.000    20.757     0.050         3
   120.000    21.441     0.050         3
   125.000    22.166     0.050         3
   130.000    22.778     0.050         3
   135.000    23.581     0.050         3
   140.000    24.148     0.050         3
   145.000    24.871     0.050         3
   150.000    25.705     0.050         3
   155.000    26.433     0.050         3
   160.000    27.071     0.050         3
   165.000    27.955     0.050         3
   170.000    28.593     0.050         3
   175.000    29.288     0.050         3
   180.000    30.015     0.050         3
   185.000    30.708     0.050         3
   190.000    31.394     0.050         3
   195.000    32.076     0.050         3
   200.000    32.849     0.050         3
   205.000    33.511     0.050         3
    90.000    17.485     0.050         4
    95.000    18.074     0.050         4
   100.000    18.633     0.050         4
   105.000    19.286     0.050         4
   110.000    20.010     0.050         4
   115.000    20.601     0.050         4
   120.000    21.148     0.050         4
   125.000    21.807     0.050         4
   130.000    22.399     0.050         4
   135.000    23.057     0.050         4
   140.000    23.768     0.050         4
   145.000    24.320     0.050         4
   150.000    24.965     0.050         4
   155.000    25.703     0.050         4
   160.000    26.388     0.050         4
   165.000    27.068     0.050         4
   170.000    27.623     0.050         4
   175.000    28.319     0.050         4
   180.000    28.861     0.050         4
   185.000    29.577     0.050         4
   190.000    30.133     0.050         4
   195.000    30.799     0.050         4
   200.000    31.302     0.050         4
   205.000    31.873     0.050         4
   210.000    32.588     0.050         4
   215.000    33.221     0.050         4
   220.000    33.816     0.050         4
   225.000    34.497     0.050         4
   230.000    35.056     0.050         4
   235.000    35.690     0.050         4
   240.000    36.300     0.050         4
   245.000    37.027     0.050         4
   250.000    37.587     0.050         4
   255.000    38.203     0.050         4
   260.000    38.708     0.050         4
   265.000    39.381     0.050         4
   270.000    40.062     0.050         4
   275.000    40.663     0.050         4
   280.000    41.242     0.050         4
   285.000    41.814     0.050         4
   290.000    42.429     0.050         4
   300.000    -1.000     0.000         0
   145.000    27.376     0.050         1
   150.000    26.503     0.050         1
   155.000    25.613     0.050         1
   160.000    24.755     0.050         1
   165.000    23.842     0.050         1
   170.000    22.992     0.050         1
   175.000    22.079     0.050         1
   180.000    21.295     0.050         1
   185.000    20.300     0.050         1
   190.000    19.427     0.050         1
   195.000    18.528     0.050         1
   200.000    17.674     0.050         1
   205.000    16.799     0.050         1
   210.000    15.870     0.050         1
   215.000    15.089     0.050         1
   220.000    14.149     0.050         1
   225.000    13.402     0.050         1
   230.000    12.498     0.050         1
   235.000    11.481     0.050         1
   240.000    10.638     0.050         1
   245.000     9.746     0.050         1
   250.000     8.868     0.050         1
   255.000     7.983     0.050         1
   260.000     7.140     0.050         1
   265.000     6.225     0.050         1
   270.000     5.279     0.050         1
   275.000     4.392     0.050         1
   280.000     3.501     0.050         1
   285.000     2.726     0.050         1
   290.000     1.734     0.050         1
   295.000     0.872     0.050         1
   145.000    27.463     0.050         2
   150.000    26.478     0.050         2
   155.000    25.509     0.050         2
   160.000    24.736     0.050         2
   165.000    23.913     0.050         2
   170.000    23.038     0.050         2
   175.000    22.287     0.050         2
   180.000    21.435     0.050         2
   185.000    20.518     0.050         2
   190.000    19.705     0.050         2
   195.000    18.957     0.050         2
   200.000    18.048     0.050         2
   205.000    17.370     0.050         2
   210.000    16.570     0.050         2
   215.000    15.654     0.050         2
   220.000    14.864     0.050         2
   225.000    14.255     0.050         2
   230.000    13.408     0.050         2
   235.000    12.893     0.050         2
   240.000    12.136     0.050         2
   245.000    11.461     0.050         2
   250.000    10.745     0.050         2
   255.000    10.142     0.050         2
   260.000     9.510     0.050         2
   265.000     9.041     0.050         2
   270.000     8.470     0.050         2
   275.000     8.045     0.050         2
   280.000     7.609     0.050         2
   285.000     7.353     0.050         2
    75.000    36.633     0.050         3
    80.000    35.894     0.050         3
    85.000    35.160     0.050         3
    90.000    34.500     0.050         3
    95.000    33.722     0.050         3
   100.000    32.975     0.050         3
   105.000    32.295     0.050         3
   110.000    31.580     0.050         3
   115.000    30.794     0.050         3
   120.000    30.145     0.050         3
   125.000    29.491     0.050         3
   130.000    28.759     0.050         3
   135.000    27.981     0.050         3
   140.000    27.369     0.050         3
   145.000    26.626     0.050         3
   150.000    25.842     0.050         3
   155.000    25.154     0.050         3
   160.000    24.379     0.050         3
   165.000    23.749     0.050         3
   170.000    23.094     0.050         3
   175.000    22.437     0.050         3
   180.000    21.715     0.050         3
   185.000    20.947     0.050         3
   190.000    20.391     0.050         3
   195.000    19.573     0.050         3
   200.000    19.013     0.050         3
   205.000    18.353     0.050         3
   210.000    17.639     0.050         3
   215.000    17.015     0.050         3
   220.000    16.367     0.050         3
   225.000    15.863     0.050         3
   230.000    15.171     0.050         3
   235.000    14.654     0.050         3
   240.000    14.067     0.050         3
   245.000    13.585     0.050         3
   250.000    13.134     0.050         3
   255.000    12.633     0.050         3
   260.000    12.247     0.050         3
   265.000    11.669     0.050         3
   270.000    11.296     0.050         3
   275.000    11.094     0.050         3
    10.000    42.554     0.050         4
    15.000    41.819     0.050         4
    20.000    41.261     0.050         4
    25.000    40.716     0.050         4
    30.000    39.985     0.050         4
    35.000    39.534     0.050         4
    40.000    38.958     0.050         4
    45.000    38.404     0.050         4
    50.000    37.825     0.050         4
    55.000    37.269     0.050         4
    60.000    36.666     0.050         4
    65.000    36.026     0.050         4
    70.000    35.442     0.050         4
    75.000    34.829     0.050         4
    80.000    34.246     0.050         4
    85.000    33.620     0.050         4
    90.000    32.822     0.050         4
    95.000    32.332     0.050         4
   100.000    31.628     0.050         4
   105.000    31.030     0.050         4
   110.000    30.451     0.050         4
   115.000    29.890     0.050         4
   120.000    29.215     0.050         4
   125.000    28.620     0.050         4
   130.000    27.944     0.050         4
   135.000    27.275     0.050         4
   140.000    26.776     0.050         4
   145.000    26.114     0.050         4
   150.000    25.416     0.050         4
   155.000    24.812     0.050         4
   160.000    24.213     0.050         4
   165.000    23.564     0.050         4
   170.000    22.912     0.050         4
   175.000    22.353     0.050         4
   180.000    21.702     0.050         4
   185.000    21.130     0.050         4
   190.000    20.401     0.050         4
   195.000    19.745     0.050         4
   200.000    19.034     0.050         4
     0.000     0.000     0.000        -1
