 1    0.00  25.00  50.00  75.00 100.00 125.0  150.00 175.00 200.00 225.00 
 1    0.40   0.20  -0.50  -1.50   0.20   0.60   1.50   0.30   1.00   0.70
         0      0      0      0      0      0      0      0      0      0
 1  250.00 275.00 300.00
 0    0.00   0.50   0.50
         0      0      0
 1    0.00 150.00 300.00
 0    5.70   5.00   5.70
         0      0      0
 1    0.00 150.00 300.00
 0    6.20   5.50   6.20
         0      0      0
 2  300.00  
 0   10.00
         0
 2  300.00 
 0    0.00
         0 
 2    0.00 150.00 300.00
 0    6.30   5.80   6.30  
         0      0      0
 3    0.00 100.00 200.00 300.00 
 0   22.00  17.00  17.00  22.00
         0      0      0      0
 3  300.00
 0    6.60
         0
 3  300.00 
 0    7.00 
         0 
 4    0.00 150.00 300.00 
 0   28.00  33.00  33.00
         0      0      0
 4  300.00
 0    7.50
         0
 4  300.00
 0    0.00
         0
 5    0.00 150.00 300.00 
 0   30.00  35.00  35.00
         0      0      0
 5  300.00
 0    8.00
         0
 5  300.00
 0    0.00
         0
 6  300.00 
 0   40.00 
