 1    0.00   1.00   2.00   3.00   4.00   5.00   6.00   7.00   8.00   9.00
 1    0.25   0.45   0.50   0.45   0.25   0.10   0.20   0.00   0.15   0.15
         0      0      0      0      0      0      0      0      0      0
 1   10.00
 0    0.35
         0
 1   10.00
 0    1.00
         0
 1   10.00
 0    0.00
         0
 2    0.00   1.00   2.00   3.00   4.00   5.00   6.00   7.00   8.00   9.00
 1    0.26   0.46   0.51   0.46   0.26   0.11   0.21   0.01   0.16   0.16
         1      1      1      1      1      1      1      1      1      1
 2   10.00
 0    0.36
         1
 2    0.00   1.00   2.00   3.00   4.00   5.00   6.00   7.00   8.00   9.00
 1    1.80   1.90   1.85   2.00   2.10   1.95   2.10   2.30   2.25   2.50
         1      1      1      1      1      1      1      1      1      1
 2   10.00
 0    2.20
         1
 2   10.00
 0    0.00
         0
 3    0.00   1.00   2.00   3.00   4.00   5.00   6.00   7.00   8.00   9.00
 1    0.70   0.60   0.70   0.65   0.65   0.55   0.60   0.50   0.60   0.65
         1      1      1      1      1      1      1      1      1      1
 3   10.00
 0    0.75
         1
 3    0.00   1.00   2.00   3.00   4.00   5.00   6.00   7.00   8.00   9.00
 1    3.00   3.20   3.30   3.05   2.90   2.75   2.50   2.55   2.75   3.05
         1      1      1      1      1      1      1      1      1      1
 3   10.00
 0    3.20
         1
 3   10.00
 0    0.00
         0
 4   10.00
 0    1.00
