 1    0.00   1.00   2.00   3.00   4.00   5.00   6.00   7.00   8.00   9.00
 1    0.25   0.35   0.37   0.35   0.25   0.15   0.17   0.13   0.20   0.20
         0      0      0      0      0      0      0      0      0      0
 1   10.00
 0    0.30
         0
 1    0.00   1.00   2.00   3.00   4.00   5.00   6.00   7.00   8.00   9.00
 1    1.80   1.90   1.85   2.00   2.10   1.95   2.10   2.30   2.25   2.50
         1      1      1      1      1      1      1      1      1      1
 1   10.00
 0    2.20
         1
 1    0.00   1.00   2.00   3.00   4.00   5.00   6.00   7.00   8.00   9.00
 1    1.90   2.00   1.95   2.10   2.20   2.05   2.20   2.40   2.35   2.60
        -1     -1     -1     -1     -1     -1     -1     -1     -1     -1
 1   10.00
 0    2.30
        -1
 2    0.00   1.00   2.00   3.00   4.00   5.00   6.00   7.00   8.00   9.00
 1    0.70   0.60   0.70   0.75   0.85   0.75   0.60   0.55   0.50   0.45
         1      1      1      1      1      1      1      1      1      1
 2   10.00
 0    0.50
         1
 2    0.00   1.00   2.00   3.00   4.00   5.00   6.00   7.00   8.00   9.00
 1    4.00   4.20   4.30   4.05   3.90   3.75   3.50   3.55   3.75   4.05
         1      1      1      1      1      1      1      1      1      1
 2   10.00
 0    4.20
         1
 2   10.00
 0    0.00
         0
 3   10.00
 0    1.00
