 1    0.00   1.00   2.00   3.00   4.00   5.00   6.00   7.00   8.00   9.00
 1    0.25   0.35   0.37   0.35   0.25   0.15   0.17   0.13   0.20   0.20
         0      0      0      0      0      0      0      0      0      0
 1   10.00
 0    0.30
         0
 1    0.00   1.00   2.00   3.00   4.00   5.00   6.00   7.00   8.00   9.00
 1    2.00   2.00   2.00   2.00   2.00   2.00   2.00   2.00   2.00   2.00 
         1      1      1      1      1      1      1      1      1      1
 1   10.00
 0    2.00 
         1
 1    0.00   1.00   2.00   3.00   4.00   5.00   6.00   7.00   8.00   9.00
 1    2.10   2.10   2.10   2.10   2.10   2.10   2.10   2.10   2.10   2.10 
        -1     -1     -1     -1     -1     -1     -1     -1     -1     -1 
 1   10.00
 0    2.10 
        -1 
 2    0.00   1.00   2.00   3.00   4.00   5.00   6.00   7.00   8.00   9.00
 1    0.60   0.60   0.60   0.60   0.60   0.60   0.60   0.60   0.60   0.60 
         1      1      1      1      1      1      1      1      1      1
 2   10.00
 0    0.60 
         1
 2    0.00   1.00   2.00   3.00   4.00   5.00   6.00   7.00   8.00   9.00
 1    4.00   4.00   4.00   4.00   4.00   4.00   4.00   4.00   4.00   4.00 
         1      1      1      1      1      1      1      1      1      1
 2   10.00
 0    4.00 
         1
 2   10.00
 0    0.00
         0
 3   10.00
 0    1.00
