 1  -10.00  27.29  43.76  58.53  72.80  76.76  80.29  84.21  88.58  99.70
 1    0.86   0.86   1.00   1.18   1.13   0.68   0.58   0.77   1.12   1.41
         0      0      0      0      0      0      0      0      0      0
 1  117.54 126.43 131.71 142.61 152.95 163.73 171.83 185.37 209.26 264.09
 1    1.38   1.14   1.17   1.49   1.38   1.36   1.00   0.80   1.07   1.27
         0      0      0      0      0      0      0      0      0      0
 1  273.41 292.44 322.88 360.00
 0    1.06   1.06   0.75   0.75
         0      0      0      0
 1  -10.00   5.07  39.15  73.22 106.89 140.55 164.10 187.64 197.78 207.92
 1    4.36   4.36   3.90   4.28   5.17   4.38   5.70   5.01   5.38   5.10
         0      1      1      1      1      1      1      1      1      1
 1  233.20 258.47 279.00 299.52 319.82 340.12 360.00
 0    2.26   2.41   4.36   3.08   2.10   3.57   3.57
         1      1      1      1      1      1      0
 1  -10.00   5.07  39.15  73.22 106.89 140.55 164.10 187.64 197.78 207.92
 1    4.39   4.39   3.99   4.31   5.21   4.44   5.84   5.18   5.51   5.16
         0      0      0      0      0      0      0      0      0      0
 1  233.20 258.47 279.00 299.52 319.82 340.12 360.00
 0    2.34   2.52   4.48   3.15   2.28   3.62   3.62
         0      0      0      0      0      0      0
 2  -10.00   5.07  39.15  73.22 106.89 140.55 164.10 187.64 197.78 207.92
 1    0.95   0.95   1.33   1.54   1.63   1.90   2.50   2.69   2.18   1.51
         0      1      1      1      1      1      1      1      1      1
 2  233.20 258.47 279.00 299.52 319.82 340.12 360.00
 0    1.54   2.33   2.25   1.60   1.81   1.01   1.01
         1      1      1      1      1      1      0
 2  -10.00   5.07  39.15  73.22 106.89 140.55 164.10 187.64 197.78 207.92
 1    5.57   5.57   6.05   5.76   6.10   5.88   5.82   5.41   6.21   5.67
         0      1      1      1      1      1      1      1      1      1
 2  233.20 258.47 279.00 299.52 319.82 340.12 360.00
 0    5.77   5.61   6.23   5.58   5.95   5.92   5.92
         1      1      1      1      1      1      0
 2  -10.00   5.07  39.15  73.22 106.89 140.55 164.10 187.64 197.78 207.92
 1    6.00   6.00   6.06   6.03   6.11   6.10   5.83   5.71   6.22   5.68
         0      0      0      0      0      0      0      0      0      0
 2  233.20 258.47 279.00 299.52 319.82 340.12 360.00
 0    5.78   5.65   6.24   6.16   5.96   5.95   5.95
         0      0      0      0      0      0      0
 3  360.00
 0    4.28
         0
 3  -10.00   5.07  73.22 140.55 187.64 207.92 258.47 299.52 340.12 360.00
 0    6.15   6.15   6.08   6.08   5.78   5.98   5.74   6.32   5.85   5.85
         0      1      1      1      1      1      1      1      1      0
 3  -10.00   5.07  73.22 140.55 187.64 207.92 258.47 299.52 340.12 360.00
 0    6.16   6.16   6.09   6.09   6.04   6.14   6.03   6.21   6.05   6.05
         0      0      0      0      0      0      0      0      0      0
 4  360.00
 0   14.00
         0
 4  360.00
 0    0.00
         0
 4  -10.00   0.00 340.00 360.00
 0    6.11   6.11   6.14   6.14
         0      1      1      0
 5  -10.00  60.00 110.00 140.00 170.00 230.00 360.00
 0   23.01  23.01  21.60  21.49  21.92  22.04  22.04
         0      1      1      1      1      1      0
 5  -10.00  30.00 125.00 215.00 310.00 360.00
 0    6.52   6.52   6.58   6.21   6.31   6.31
         0      1      1      1      1      0
 5  -10.00  30.00 125.00 215.00 310.00 360.00
 0    6.62   6.64   6.67   6.30   6.43   6.43
         0      1      1      1      1      0
 6  -10.00  40.00  60.00  80.00 100.00 120.00 140.00 160.00 180.00 200.00
 1   36.41  36.41  36.68  36.76  36.69  36.33  35.69  36.58  35.63  36.36
         0      1      1      1      1      1      1      1      1      1
 6  220.00 240.00 260.00 280.00 300.00 360.00
 0   39.43  41.72  41.91  43.98  42.70  42.70
         1      1      1      1      1      0
 6  -10.00  50.00 290.00 360.00
 0    7.91   7.91   8.04   8.04
         0      1      1      0
 6  -10.00  50.00 290.00 360.00
 0    7.91   7.91   8.09   8.09
         0      0      0      0
 7  360.00
 0   47.00
