 1    0.00  25.00  50.00  75.00 100.00 125.0  150.00 175.00 200.00 225.00 
 1    0.40   0.20  -0.50  -1.50   0.20   0.60   1.50   0.30   1.00   0.70
         0      0      0      0      0      0      0      0      0      0
 1  250.00 275.00 300.00
 0    0.00   0.50   0.50
         0      0      0
 1    0.00 150.00 300.00
 0    4.90   4.90   4.90
         1      1      1
 1    0.00 150.00 300.00
 0    5.40   5.40   5.40
         1      1      1
 2  300.00  
 0   10.00
         0
 2  300.00 
 0    0.00
         0 
 2    0.00 150.00 300.00
 0    5.70   5.70   5.70  
         1      1      1
 3    0.00 100.00 200.00 300.00 
 0   25.00  25.00  25.00  25.00
         1      1      1      1
 3  300.00
 0    6.40
         1
 3  300.00 
 0    6.73 
        -1 
 4    0.00 150.00 300.00 
 0   34.00  34.00  34.00
         1      1      1
 4  300.00
 0    7.50
         0
 4  300.00
 0    0.00
         0
 5    0.00 150.00 300.00 
 0   36.00  36.00  36.00
        -1     -1     -1
 5  300.00
 0    7.70
         1
 5  300.00
 0    0.00
         0
 6  300.00 
 0   40.00 
