 1    0.000   1.000   2.000   3.000   4.000   5.000   6.000   7.000   8.000   9.000
 1    0.250   0.450   0.500   0.450   0.250   0.100   0.200   0.000   0.150   0.150
          0       0       0       0       0       0       0       0       0       0
 1   10.000
 0    0.350
          0
 1    0.000   1.000   2.000   3.000   4.000   5.000   6.000   7.000   8.000   9.000
 1    1.800   1.900   1.850   2.000   2.100   1.950   2.100   2.300   2.250   2.500
          0       0       0       0       0       0       0       0       0       0
 1   10.000
 0    2.200
          0
 1   10.000
 0    0.000
          0
 2    0.000   1.000   2.000   3.000   4.000   5.000   6.000   7.000   8.000   9.000
 1    0.700   0.600   0.700   0.650   0.650   0.550   0.600   0.500   0.600   0.650
          0       0       0       0       0       0       0       0       0       0
 2   10.000
 0    0.750
          0
 2    0.000   1.000   2.000   3.000   4.000   5.000   6.000   7.000   8.000   9.000
 1    3.000   3.200   3.300   3.050   2.900   2.750   2.500   2.550   2.750   3.050
          0       0       0       0       0       0       0       0       0       0
 2   10.000
 0    3.200
          0
 2   10.000
 0    0.000
          0
 3    0.000   1.000   2.000   3.000   4.000   5.000   6.000   7.000   8.000   9.000
 1    1.800   1.900   1.800   1.600   1.750   1.900   1.900   1.850   1.650   1.750
          0       0       0       0       0       0       0       0       0       0
 3   10.000
 0    1.600
          0
 3    0.000   1.000   2.000   3.000   4.000   5.000   6.000   7.000   8.000   9.000
 1    4.000   4.250   4.150   4.050   3.950   3.600   3.500   3.800   3.750   4.100
          0       0       0       0       0       0       0       0       0       0
 3   10.000
 0    4.200
          0
 3   10.000
 0    0.000
          0
 4    0.000   1.000   2.000   3.000   4.000   5.000   6.000   7.000   8.000   9.000
 1    2.400   2.350   2.150   1.850   2.050   2.250   2.300   2.350   2.300   2.250
          0       0       0       0       0       0       0       0       0       0
 4   10.000
 0    2.250
          0
 4   10.000
 0    5.000
          0
 4   10.000
 0    0.000
          0
 5   10.000
 0    3.000
